product_area,location_country,supplier_name,location_region,onboard_date_v2,sla_end_to_end_exclude_weekend1,wo_adv_std_exclude_weekend,complaince_activation_exclude_weekend,xws_activation_to_idv,xws_idv_to_system_activation
Technical Infrastructure,United States,GARDA WORLD SECURITY CORPORATION,NORTH AMERICA,2025-04-30,2,2,0,0,0
REWS,null,SODEXO,LATAM,2025-04-28,3,3,0,0,0
Technical Infrastructure,United States,"APEX INFRASTRUCTURE CONSULTANTS, LLC",NORTH AMERICA,2025-04-28,4,2,2,2,0
Cloud,El Salvador,SERVICESOURCE INTERNATIONAL INC,LATAM,2025-04-28,3,3,0,0,0
Cloud,Poland,TTEC HOLDINGS INC,EMEA,2025-04-28,6,4,2,2,0
gTech,India,COGNIZANT TECHNOLOGY SOLUTIONS CORPORATION,APAC,2025-04-30,5,2,3,1,2
Technical Infrastructure,United States,GXO LOGISTICS WORLDWIDE LLC,NORTH AMERICA,2025-05-01,7,2,5,5,0
Platforms + Ecosystems,India,ITTIAM SYSTEMS PVT LTD,APAC,2025-04-29,7,5,2,0,2
Cloud,Romania,COGNIZANT TECHNOLOGY SOLUTIONS CORPORATION,EMEA,2025-04-29,5,1,4,0,4
Technical Infrastructure,United States,"HOLDER CONSTRUCTION GROUP, LLC",NORTH AMERICA,2025-05-02,3,3,0,0,0
Technical Infrastructure,United States,M A MORTENSON COMPANY,NORTH AMERICA,2025-04-28,1,1,0,0,0
Technical Infrastructure,United States,SCHENKER,NORTH AMERICA,2025-04-28,24,17,7,0,7
YouTube,India,GENPACT LIMITED,APAC,2025-04-28,3,2,1,0,1
YouTube,Philippines,COGNIZANT TECHNOLOGY SOLUTIONS CORPORATION,APAC,2025-05-02,3,3,0,0,0
REWS,United States,COMPASS GROUP PLC,NORTH AMERICA,2025-05-01,3,3,0,0,0
REWS,India,JONES LANG LASALLE INC,APAC,2025-05-02,3,3,0,0,0
Technical Infrastructure,Netherlands,SECURITAS AB,EMEA,2025-04-30,5,2,3,2,1
Technical Infrastructure,United States,"HOLDER CONSTRUCTION GROUP, LLC",NORTH AMERICA,2025-05-01,3,3,0,0,0
T&S,Philippines,ACCENTURE PLC,APAC,2025-04-29,10,3,7,0,7
Devices & Services,India,VIRTUSA CORPORATION,APAC,2025-05-01,4,2,2,2,0
T&S,India,ACCENTURE PLC,APAC,2025-04-28,4,1,3,2,1
Global Affairs (w/o T&S),United States,"ELEVATE SERVICES, INC.",NORTH AMERICA,2025-04-28,14,4,10,0,10
REWS,United States,MCCUNE MANAGEMENT SERVICES LIMITED,NORTH AMERICA,2025-04-28,11,1,10,0,10
Platforms + Ecosystems,India,MARKETSTAR CORPORATION,APAC,2025-04-30,4,3,1,1,0
gTech,India,VACO,APAC,2025-04-29,5,2,3,0,3
Waymo,Philippines,COGNIZANT TECHNOLOGY SOLUTIONS CORPORATION,APAC,2025-05-02,4,2,2,1,1
Technical Infrastructure,Utd.Arab Emir.,IRON SYSTEMS INC,EMEA,2025-05-02,8,2,6,0,6
REWS,United States,SODEXO,NORTH AMERICA,2025-04-28,3,3,0,0,0
Access,United States,"INFRASTRUCTURE TECHNOLOGY SERVICES, INC.",NORTH AMERICA,2025-04-29,30,3,27,26,1
Geo,India,WIPRO LIMITED,APAC,2025-05-01,5,3,2,2,0
REWS,India,JONES LANG LASALLE INC,APAC,2025-05-02,3,3,0,0,0
Technical Infrastructure,United States,ADECCO GROUP AG,NORTH AMERICA,2025-05-01,6,3,3,0,3
Technical Infrastructure,United States,GARDA WORLD SECURITY CORPORATION,NORTH AMERICA,2025-05-02,4,3,1,0,1
Global Affairs (w/o T&S),India,ACCENTURE PLC,APAC,2025-04-29,4,1,3,0,3
T&S,India,WIPRO LIMITED,APAC,2025-04-30,3,1,2,0,2
Cloud,United States,SERVICESOURCE INTERNATIONAL INC,NORTH AMERICA,2025-05-02,12,1,11,0,11
gTech,India,ACCENTURE PLC,APAC,2025-05-01,8,1,7,7,0
REWS,United States,PROPARK AMERICA WEST LLC,NORTH AMERICA,2025-04-29,3,3,0,0,0
Devices & Services,India,L&T TECHNOLOGY SERVICES LTD,APAC,2025-05-02,5,3,2,0,2
REWS,null,STANTEC INC.,NORTH AMERICA,2025-04-29,3,3,0,0,0
Technical Infrastructure,India,MOTIVITY LABS INC,APAC,2025-04-28,5,3,2,2,0
T&S,India,COGNIZANT TECHNOLOGY SOLUTIONS CORPORATION,APAC,2025-04-28,5,1,4,2,2
Technical Infrastructure,null,J E DUNN CONSTRUCTION COMPANY,NORTH AMERICA,2025-05-02,3,3,0,0,0
Waymo,India,COGNIZANT TECHNOLOGY SOLUTIONS CORPORATION,APAC,2025-04-30,2,2,0,0,0
Technical Infrastructure,United States,J E DUNN CONSTRUCTION COMPANY,NORTH AMERICA,2025-05-02,3,3,0,0,0
gTech,Poland,TELEPERFORMANCE SE,EMEA,2025-04-28,3,3,0,0,0
Technical Infrastructure,United States,"HOLDER CONSTRUCTION GROUP, LLC",NORTH AMERICA,2025-05-02,3,3,0,0,0
T&S,Malaysia,ACCENTURE PLC,APAC,2025-04-28,3,2,1,0,1
Geo,India,ACCENTURE PLC,APAC,2025-05-02,6,3,3,2,1
Technical Infrastructure,United States,DIRECT LINE GLOBAL LLC,NORTH AMERICA,2025-04-28,3,3,0,0,0
Platforms + Ecosystems,United States,MAGIC LEAP INC.,NORTH AMERICA,2025-04-29,8,2,6,0,6
Geo,India,WIPRO LIMITED,APAC,2025-04-28,3,2,1,1,0
Geo,null,PWC,NORTH AMERICA,2025-05-01,3,3,0,0,0
REWS,India,JONES LANG LASALLE INC,APAC,2025-05-02,3,3,0,0,0
Platforms + Ecosystems,Philippines,NCC GROUP,APAC,2025-05-02,4,2,2,0,2
Technical Infrastructure,Finland,FIBER HIGHWAY FINLAND OY,EMEA,2025-04-29,3,3,0,0,0
Technical Infrastructure,Netherlands,SYNCREON GLOBAL HOLDINGS LIMITED,EMEA,2025-04-29,5,2,3,2,1
Technical Infrastructure,United States,GXO LOGISTICS WORLDWIDE LLC,NORTH AMERICA,2025-04-28,4,2,2,0,2
Waymo,United States,METRO ONE LOSS PREVENTION SERVICES GROUP (GUARD DIVISION) INC,NORTH AMERICA,2025-05-01,5,3,2,2,0
gCS,India,ACCENTURE PLC,APAC,2025-04-30,15,3,12,12,0
Waymo,United States,COGNIZANT TECHNOLOGY SOLUTIONS CORPORATION,NORTH AMERICA,2025-04-30,8,1,7,6,1
Cloud,United States,DELOITTE,NORTH AMERICA,2025-04-28,7,1,6,0,6
YouTube,India,GENPACT LIMITED,APAC,2025-04-28,3,2,1,1,0
Platforms + Ecosystems,null,QUEST GLOBAL SERVICES PTE. LTD.,NORTH AMERICA,2025-04-29,3,3,0,0,0
Devices & Services,null,TESSOLVE SEMICONDUCTOR PVT LTD,APAC,2025-04-28,3,3,0,0,0
YouTube,Portugal,GENPACT LIMITED,EMEA,2025-04-30,7,3,4,2,2
Technical Infrastructure,null,"HOLDER CONSTRUCTION GROUP, LLC",NORTH AMERICA,2025-05-01,3,3,0,0,0
REWS,United States,PROPARK AMERICA WEST LLC,NORTH AMERICA,2025-04-28,2,2,0,0,0
Waymo,India,WIPRO LIMITED,APAC,2025-05-01,3,1,2,2,0
gCS,Canada,TELEPERFORMANCE SE,NORTH AMERICA,2025-04-30,5,1,4,2,2
Technical Infrastructure,Finland,FIBER HIGHWAY FINLAND OY,EMEA,2025-04-28,4,1,3,0,3
T&S,India,WIPRO LIMITED,APAC,2025-04-28,4,1,3,0,3
gCS,Brazil,TTEC HOLDINGS INC,LATAM,2025-05-02,9,6,3,3,0
REWS,null,SODEXO,APAC,2025-05-02,3,3,0,0,0
REWS,Singapore,JONES LANG LASALLE INC,APAC,2025-05-01,7,4,3,3,0
REWS,Romania,SECURITAS AB,EMEA,2025-04-28,4,4,0,0,0
Geo,India,ACCENTURE PLC,APAC,2025-05-02,6,3,3,2,1
Technical Infrastructure,null,CERTIFIED MAINTENANCE SERVICE INC.,NORTH AMERICA,2025-05-01,3,3,0,0,0
Waymo,India,WIPRO LIMITED,APAC,2025-05-01,3,1,2,2,0
Waymo,United States,TRANSDEV,NORTH AMERICA,2025-05-01,7,3,4,1,3
Health,United States,"MEDAMERICA CONSULTING EMPLOYEES, INC.",NORTH AMERICA,2025-04-30,7,3,4,3,1
REWS,United States,GARDA WORLD SECURITY CORPORATION,NORTH AMERICA,2025-05-02,7,1,6,0,6
Waymo,India,WIPRO LIMITED,APAC,2025-05-01,3,1,2,0,2
Technical Infrastructure,United States,"APEX INFRASTRUCTURE CONSULTANTS, LLC",NORTH AMERICA,2025-04-28,12,3,9,9,0
REWS,Taiwan,"LIANG PIN DINING CO., LTD.",APAC,2025-05-02,3,3,0,0,0
Ads & Commerce,United States,"SLALOM, LLC",NORTH AMERICA,2025-05-01,9,3,6,4,2
REWS,India,MEDIFIT CONSULTANTS PVT LTD,APAC,2025-05-02,3,3,0,0,0
Technical Infrastructure,United States,"ROONEY HOLDINGS, INC.",NORTH AMERICA,2025-05-01,3,3,0,0,0
Devices & Services,Taiwan,TATA GROUP,APAC,2025-05-02,6,2,4,1,3
REWS,null,SODEXO,APAC,2025-04-28,3,3,0,0,0
Technical Infrastructure,United States,GARDA WORLD SECURITY CORPORATION,NORTH AMERICA,2025-05-02,4,3,1,1,0
Technical Infrastructure,India,ACCENTURE PLC,APAC,2025-05-02,5,2,3,3,0
Technical Infrastructure,United States,"HOLDER CONSTRUCTION GROUP, LLC",NORTH AMERICA,2025-05-01,3,3,0,0,0
Technical Infrastructure,null,"HOLDER CONSTRUCTION GROUP, LLC",NORTH AMERICA,2025-04-29,3,3,0,0,0
Technical Infrastructure,United States,GARDA WORLD SECURITY CORPORATION,NORTH AMERICA,2025-04-28,4,3,1,1,0
Technical Infrastructure,India,ERICSSON INC,APAC,2025-04-29,3,3,0,0,0
T&S,Malaysia,ACCENTURE PLC,APAC,2025-04-30,5,4,1,0,1
Waymo,United States,KPMG,NORTH AMERICA,2025-04-28,2,2,0,0,0
Technical Infrastructure,India,INDIGO TELECOM GROUP LTD,APAC,2025-04-29,1,1,0,0,0
Waymo,United States,TRANSDEV,NORTH AMERICA,2025-05-02,8,3,5,2,3
T&S,India,WIPRO LIMITED,APAC,2025-05-02,3,3,0,0,0
REWS,United States,PROPARK AMERICA WEST LLC,NORTH AMERICA,2025-04-30,4,2,2,0,2
Marketing,United States,"MAGNIT, LLC",NORTH AMERICA,2025-04-30,6,5,1,1,0
Cloud,Spain,TELEPERFORMANCE SE,EMEA,2025-04-28,3,3,0,0,0
YouTube,India,GENPACT LIMITED,APAC,2025-04-28,3,2,1,0,1
gCS,India,ACCENTURE PLC,APAC,2025-04-28,4,1,3,2,1
gTech,India,COGNIZANT TECHNOLOGY SOLUTIONS CORPORATION,APAC,2025-05-02,4,3,1,0,1
gCS,India,REGALIX INC,APAC,2025-05-02,4,3,1,1,0
GBO (w/o gTech & gCS),Singapore,CODIMITE PTE LTD,APAC,2025-04-30,2,2,0,0,0
Access,United States,ALLO HOLDING LLC,NORTH AMERICA,2025-04-30,12,3,9,8,1
Technical Infrastructure,United States,TW CONSTRUCTORS LLC,NORTH AMERICA,2025-04-29,3,3,0,0,0
gCS,Brazil,ATENTO S.A.,LATAM,2025-04-29,3,3,0,0,0
Devices & Services,United States,"AKRAYA, INC",NORTH AMERICA,2025-05-02,3,3,0,0,0
REWS,null,COMPASS GROUP PLC,APAC,2025-04-28,3,3,0,0,0
Platforms + Ecosystems,India,HCL TECHNOLOGIES LTD,APAC,2025-04-29,5,3,2,1,1
Global Affairs (w/o T&S),India,ACCENTURE PLC,APAC,2025-04-30,6,2,4,1,3
POps,India,RANDSTAD NV,APAC,2025-04-28,12,1,11,0,11
gTech,India,TELEPERFORMANCE SE,APAC,2025-04-28,3,3,0,0,0
YouTube,India,WIPRO LIMITED,APAC,2025-04-29,1,1,0,0,0
Devices & Services,India,TECH MAHINDRA LIMITED,APAC,2025-04-28,9,1,8,0,8
X,United States,TALENTFUL LIMITED,NORTH AMERICA,2025-04-28,3,2,0,0,0
REWS,null,CBRE GROUP INC,EMEA,2025-05-02,3,3,0,0,0
Technical Infrastructure,United States,GXO LOGISTICS WORLDWIDE LLC,NORTH AMERICA,2025-05-02,3,3,0,0,0
YouTube,India,CONCENTRIX,APAC,2025-04-30,3,2,1,0,1
Ads & Commerce,United States,"APPLAUSE APP QUALITY, INC",NORTH AMERICA,2025-05-01,3,2,1,0,1
T&S,India,WIPRO LIMITED,APAC,2025-04-30,5,2,3,0,3
Corp Eng,India,DELOITTE,APAC,2025-04-30,5,3,2,0,2
Technical Infrastructure,United States,SCHENKER,NORTH AMERICA,2025-04-30,7,1,6,3,3
Technical Infrastructure,Netherlands,SYNCREON GLOBAL HOLDINGS LIMITED,EMEA,2025-04-29,5,1,4,2,2
Cloud,Greece,TELEPERFORMANCE SE,EMEA,2025-05-01,3,3,0,0,0
Cloud,India,ACCENTURE PLC,APAC,2025-04-28,5,2,3,1,2
REWS,India,JONES LANG LASALLE INC,APAC,2025-05-02,3,3,0,0,0
Devices & Services,United States,"ANSYS, INC.",NORTH AMERICA,2025-04-28,5,3,2,0,2
Cloud,United States,TECH MAHINDRA LIMITED,NORTH AMERICA,2025-04-28,3,3,0,0,0
gTech,Mexico,QUALITEST,LATAM,2025-04-29,6,3,3,0,3
Marketing,United States,THE SAGE GROUP,NORTH AMERICA,2025-04-29,4,3,1,1,0
Technical Infrastructure,United States,GXO LOGISTICS WORLDWIDE LLC,NORTH AMERICA,2025-05-02,3,3,0,0,0
Global Affairs (w/o T&S),United States,AXIOM GLOBAL INC,NORTH AMERICA,2025-05-02,5,1,4,0,4
YouTube,Philippines,TECH MAHINDRA LIMITED,APAC,2025-05-02,11,1,10,1,9
Technical Infrastructure,null,JONES LANG LASALLE INC,APAC,2025-04-28,3,3,0,0,0
Cloud,Bulgaria,SERVICESOURCE INTERNATIONAL INC,EMEA,2025-04-28,4,3,1,0,1
Waymo,United States,TRANSDEV,NORTH AMERICA,2025-04-30,2,2,0,0,0
gCS,Spain,TELEPERFORMANCE SE,EMEA,2025-04-28,4,0,4,3,1
Global Affairs (w/o T&S),India,ACCENTURE PLC,APAC,2025-04-29,4,1,3,1,2
gCS,India,TELEDIRECT PTE LTD,APAC,2025-04-28,5,4,1,0,1
gTech,Greece,TELEPERFORMANCE SE,EMEA,2025-04-30,2,2,0,0,0
YouTube,India,ACCENTURE PLC,APAC,2025-05-02,6,2,4,0,4
POps,India,RANDSTAD NV,APAC,2025-04-28,12,2,10,5,5
Technical Infrastructure,United States,MCFARLAND BUILDING GROUP LLC,NORTH AMERICA,2025-04-29,1,1,0,0,0
REWS,Brazil,JONES LANG LASALLE INC,LATAM,2025-04-30,5,4,1,1,0
gTech,Ireland,TELUS,EMEA,2025-04-30,4,4,0,0,0
Technical Infrastructure,United States,GARDA WORLD SECURITY CORPORATION,NORTH AMERICA,2025-05-02,4,3,1,1,0
Cloud,United States,MEDIATEK INC,NORTH AMERICA,2025-04-29,18,3,15,14,1
REWS,India,MEDIFIT CONSULTANTS PVT LTD,APAC,2025-04-28,3,3,0,0,0
Cloud,Philippines,ACCENTURE PLC,APAC,2025-05-02,6,3,3,3,0
Cloud,Mexico,TATA GROUP,LATAM,2025-05-02,16,2,14,10,4
YouTube,United States,TELEPERFORMANCE SE,NORTH AMERICA,2025-05-02,6,3,3,3,0
POps,United States,VACO,NORTH AMERICA,2025-04-29,2,1,1,1,0
REWS,India,COMPASS GROUP PLC,APAC,2025-04-28,3,3,0,0,0
Waymo,India,WIPRO LIMITED,APAC,2025-04-28,3,2,1,0,1
Cloud,India,COGNIZANT TECHNOLOGY SOLUTIONS CORPORATION,APAC,2025-05-02,4,3,1,1,0
Devices & Services,United States,SOURCE INTELLIGENCE,NORTH AMERICA,2025-05-01,10,5,5,0,5
gCS,India,ACCENTURE PLC,APAC,2025-04-29,5,1,4,4,0
YouTube,India,CONCENTRIX,APAC,2025-04-30,3,3,0,0,0
YouTube,India,GENPACT LIMITED,APAC,2025-04-28,3,2,1,1,0
Cloud,Costa Rica,ACCENTURE PLC,LATAM,2025-04-28,3,2,1,0,1
Platforms + Ecosystems,United States,WIPRO LIMITED,NORTH AMERICA,2025-05-01,3,3,0,0,0
REWS,Finland,CBRE GROUP INC,EMEA,2025-05-02,3,3,0,0,0
POps,India,RANDSTAD NV,APAC,2025-05-02,7,2,5,5,0
Technical Infrastructure,United States,GXO LOGISTICS WORLDWIDE LLC,NORTH AMERICA,2025-05-01,7,3,4,4,0
gTech,India,HCL TECHNOLOGIES LTD,APAC,2025-05-01,7,2,5,0,5
Technical Infrastructure,India,INDIGO TELECOM GROUP LTD,APAC,2025-04-29,1,1,0,0,0
REWS,null,COMPASS GROUP PLC,NORTH AMERICA,2025-05-01,3,3,0,0,0
gCS,India,WNS (HOLDINGS) LIMITED,APAC,2025-04-30,3,2,1,1,0
Ads & Commerce,United Kingdom,CONTINUUMGLOBAL INC,EMEA,2025-04-30,2,3,0,0,0
Technical Infrastructure,United States,GXO LOGISTICS WORLDWIDE LLC,NORTH AMERICA,2025-04-28,4,2,2,1,1
Corp Eng,Ireland,ASTREYA PARTNERS INC,EMEA,2025-05-01,11,1,10,0,10
Waymo,India,WIPRO LIMITED,APAC,2025-04-30,6,2,4,4,0
Access,United States,"SYSTEM RESOURCES TELECOM, LLC (SRI)",NORTH AMERICA,2025-04-30,8,3,5,4,1
YouTube,Ireland,ACCENTURE PLC,EMEA,2025-04-28,3,2,1,0,1
Devices & Services,United States,ARCHLYNK LLC,NORTH AMERICA,2025-05-02,5,2,3,2,1
Global Affairs (w/o T&S),United States,AXIOM GLOBAL INC,NORTH AMERICA,2025-05-02,5,1,4,0,4
T&S,India,WIPRO LIMITED,APAC,2025-04-28,3,3,0,0,0
Corp Eng,India,VIRTUSA CORPORATION,APAC,2025-04-28,6,2,4,0,4
Technical Infrastructure,Finland,FIBER HIGHWAY FINLAND OY,EMEA,2025-04-28,2,2,0,0,0
YouTube,Portugal,TELEPERFORMANCE SE,EMEA,2025-04-29,8,2,6,2,4
REWS,null,COMPASS GROUP PLC,NORTH AMERICA,2025-05-01,3,3,0,0,0
REWS,null,PROPARK AMERICA WEST LLC,NORTH AMERICA,2025-04-29,3,3,0,0,0
Technical Infrastructure,United States,THE WHITING TURNER CONTRACTING COMPANY,NORTH AMERICA,2025-04-29,5,3,2,0,2
Geo,India,ACCENTURE PLC,APAC,2025-05-02,6,2,4,0,4
Technical Infrastructure,null,SISTEMAS CONTRA INCENDIOS EUROCOMERCIAL LTDA,LATAM,2025-04-28,3,3,0,0,0
Technical Infrastructure,Netherlands,SYNCREON GLOBAL HOLDINGS LIMITED,EMEA,2025-04-28,4,3,1,0,1
REWS,null,SODEXO,APAC,2025-05-02,3,3,0,0,0
Technical Infrastructure,United States,DIRECT LINE GLOBAL LLC,NORTH AMERICA,2025-04-28,1,1,0,0,0
REWS,India,CONVERGINT TECHNOLOGIES GROUP L.P.,APAC,2025-05-01,3,3,0,0,0
Technical Infrastructure,United States,SCHENKER,NORTH AMERICA,2025-04-30,2,2,0,0,0
REWS,United States,JONES LANG LASALLE INC,NORTH AMERICA,2025-04-29,2,2,0,0,0
REWS,United States,"INTER-CON SECURITY SYSTEMS, INC.",NORTH AMERICA,2025-05-02,6,3,3,3,0
gCS,United States,"MINDLANCE, INC.",NORTH AMERICA,2025-04-30,9,3,6,3,3
Waymo,India,COGNIZANT TECHNOLOGY SOLUTIONS CORPORATION,APAC,2025-04-29,3,2,1,1,0
Access,United States,"GARY D. NELSON ASSOCIATES, INC.",NORTH AMERICA,2025-04-30,7,4,3,0,3
Geo,India,COGNIZANT TECHNOLOGY SOLUTIONS CORPORATION,APAC,2025-04-28,3,2,1,1,0
Technical Infrastructure,United States,VISION TECHNOLOGIES INC.,NORTH AMERICA,2025-04-29,3,3,0,0,0
Waymo,United States,TRANSDEV,NORTH AMERICA,2025-05-02,7,4,3,2,1
Technical Infrastructure,Thailand,WOOD INTERNATIONAL LIMITED,APAC,2025-04-28,3,1,2,0,2
Technical Infrastructure,United States,FORTIS CONSTRUCTION INC,NORTH AMERICA,2025-04-29,11,3,8,0,8
Technical Infrastructure,United States,ALLIED UNIVERSAL,NORTH AMERICA,2025-04-28,8,3,5,4,1
gCS,India,TELEDIRECT PTE LTD,APAC,2025-04-29,5,2,3,3,0
REWS,null,JONES LANG LASALLE INC,APAC,2025-05-02,3,3,0,0,0
Devices & Services,India,EXIMIETAS DESIGN LLC,APAC,2025-04-28,2,2,0,0,0
gTech,United States,VACO,NORTH AMERICA,2025-04-29,4,4,0,0,0
Technical Infrastructure,United States,SCHENKER,NORTH AMERICA,2025-04-29,2,1,1,0,1
gCS,India,TELEDIRECT PTE LTD,APAC,2025-04-28,5,5,0,0,0
T&S,India,WIPRO LIMITED,APAC,2025-05-02,4,3,1,0,1
Technical Infrastructure,Ireland,GERTEK PROJECT MANAGEMENT AND TECHNICAL SERVICES LIMITED,EMEA,2025-05-02,14,3,11,3,8
YouTube,Philippines,TECH MAHINDRA LIMITED,APAC,2025-05-02,11,1,10,1,9
YouTube,India,WIPRO LIMITED,APAC,2025-05-01,13,7,6,5,1
Cloud,United States,NETAPP INC,NORTH AMERICA,2025-05-02,17,5,12,2,10
Global Affairs (w/o T&S),United States,"CONSILIO, INC",NORTH AMERICA,2025-04-30,9,2,7,0,7
Technical Infrastructure,United States,GXO LOGISTICS WORLDWIDE LLC,NORTH AMERICA,2025-04-28,2,2,0,0,0
Technical Infrastructure,Chile,GXO LOGISTICS WORLDWIDE LLC,LATAM,2025-04-30,6,4,2,0,2
REWS,Israel,YARZIN SELLA MANAGEMENT AND HOLDINGS,EMEA,2025-05-02,3,3,0,0,0
Platforms + Ecosystems,India,ITTIAM SYSTEMS PVT LTD,APAC,2025-04-28,6,3,3,0,3
gTech,Poland,TELEPERFORMANCE SE,EMEA,2025-04-29,4,4,0,0,0
T&S,India,WIPRO LIMITED,APAC,2025-04-30,5,2,3,2,1
Platforms + Ecosystems,India,HCL TECHNOLOGIES LTD,APAC,2025-04-29,4,3,1,0,1
Cloud,India,INFOSYS,APAC,2025-04-28,7,2,5,0,5
gTech,India,COGNIZANT TECHNOLOGY SOLUTIONS CORPORATION,APAC,2025-05-01,3,3,0,0,0
Technical Infrastructure,Singapore,NIPPON TELEGRAPH AND TELEPHONE CORPORATION,APAC,2025-04-30,1,1,0,0,0
Platforms + Ecosystems,India,ITTIAM SYSTEMS PVT LTD,APAC,2025-04-29,7,3,4,0,4
gCS,Brazil,ATENTO S.A.,LATAM,2025-04-29,3,3,0,0,0
Technical Infrastructure,United States,ALPHA SERVICES CORPORATION,NORTH AMERICA,2025-04-28,2,2,0,0,0
Technical Infrastructure,United States,DIRECT LINE GLOBAL LLC,NORTH AMERICA,2025-04-28,6,2,4,3,1
Technical Infrastructure,United States,DIRECT LINE GLOBAL LLC,NORTH AMERICA,2025-04-29,2,2,0,0,0
Access,Poland,EPAM SYSTEMS INC,EMEA,2025-04-29,2,2,0,0,0
T&S,Portugal,MAJOREL GLOBAL,EMEA,2025-04-29,6,2,4,3,1
Waymo,India,WIPRO LIMITED,APAC,2025-04-30,2,1,1,1,0
POps,Taiwan,FAR EASTERN MEMORIAL HOSPITAL,APAC,2025-04-30,3,3,0,0,0
Technical Infrastructure,United States,GXO LOGISTICS WORLDWIDE LLC,NORTH AMERICA,2025-04-28,4,3,1,1,0
Devices & Services,India,INFOSYS,APAC,2025-04-29,3,3,0,0,0
Technical Infrastructure,United States,GXO LOGISTICS WORLDWIDE LLC,NORTH AMERICA,2025-04-28,4,3,1,0,1
Technical Infrastructure,null,INDIGO TELECOM GROUP LTD,EMEA,2025-05-01,3,3,0,0,0
Geo,India,COGNIZANT TECHNOLOGY SOLUTIONS CORPORATION,APAC,2025-04-30,4,3,1,1,0
gTech,Mexico,QUALITEST,LATAM,2025-04-30,7,3,4,0,4
Global Affairs (w/o T&S),United States,VACO,NORTH AMERICA,2025-04-29,4,3,1,0,1
T&S,India,WIPRO LIMITED,APAC,2025-04-30,3,2,1,0,1
Cloud,Philippines,HCL TECHNOLOGIES LTD,APAC,2025-04-30,10,2,8,0,8
Platforms + Ecosystems,India,ITTIAM SYSTEMS PVT LTD,APAC,2025-04-28,6,3,3,0,3
YouTube,United States,TELEPERFORMANCE SE,NORTH AMERICA,2025-04-30,4,4,0,0,0
Technical Infrastructure,Taiwan,TATA GROUP,APAC,2025-04-30,3,3,0,0,0
REWS,United States,MC DEAN INC,NORTH AMERICA,2025-04-28,8,2,6,0,6
gTech,Brazil,HCL TECHNOLOGIES LTD,LATAM,2025-04-30,9,3,6,1,5
Waymo,India,WIPRO LIMITED,APAC,2025-05-01,3,1,2,0,2
T&S,Philippines,ACCENTURE PLC,APAC,2025-04-28,9,1,8,0,8
Technical Infrastructure,United States,GXO LOGISTICS WORLDWIDE LLC,NORTH AMERICA,2025-04-29,5,4,1,0,1
YouTube,India,GENPACT LIMITED,APAC,2025-04-28,3,2,1,1,0
Technical Infrastructure,United States,SYNCREON GLOBAL HOLDINGS LIMITED,NORTH AMERICA,2025-05-02,12,2,10,1,9
T&S,India,WIPRO LIMITED,APAC,2025-04-30,3,1,2,1,1
T&S,Philippines,ACCENTURE PLC,APAC,2025-05-02,7,1,6,0,6
gTech,United States,VACO,NORTH AMERICA,2025-04-28,3,3,0,0,0
T&S,Philippines,ACCENTURE PLC,APAC,2025-04-28,9,3,6,0,6
Technical Infrastructure,India,HT GLOBAL IT SOLUTIONS HOLDINGS LIMITED,APAC,2025-05-02,4,2,2,0,2
gTech,United States,VACO,NORTH AMERICA,2025-04-28,3,2,1,0,1
Access,United States,SANDCASTLE COMMUNICATIONS LLC,NORTH AMERICA,2025-05-01,8,3,5,0,5
Cloud,El Salvador,TELUS,LATAM,2025-04-30,2,2,0,0,0
Cloud,El Salvador,TELUS,LATAM,2025-05-02,4,4,0,0,0
Ads & Commerce,India,GLOBALLOGIC INC,APAC,2025-05-02,4,3,1,1,0
Waymo,India,WIPRO LIMITED,APAC,2025-04-28,3,2,1,0,1
YouTube,Malaysia,CONCENTRIX,APAC,2025-04-30,5,1,4,0,4
Waymo,United States,TRANSDEV,NORTH AMERICA,2025-05-01,7,2,5,0,5
HUE,Australia,SCALENCE LLC,APAC,2025-04-28,5,2,3,1,2
Geo,India,ACCENTURE PLC,APAC,2025-05-02,6,3,3,2,1
Search,India,GLOBALLOGIC INC,APAC,2025-05-02,3,3,0,0,0
Cloud,Mexico,TATA GROUP,LATAM,2025-04-29,13,5,8,7,1
Technical Infrastructure,United States,"HOLDER CONSTRUCTION GROUP, LLC",NORTH AMERICA,2025-04-30,2,2,0,0,0
Platforms + Ecosystems,United States,BAYONE SOLUTIONS INC.,NORTH AMERICA,2025-05-02,5,3,2,1,1
Technical Infrastructure,null,J E DUNN CONSTRUCTION COMPANY,NORTH AMERICA,2025-04-30,3,3,0,0,0
Technical Infrastructure,United States,M A MORTENSON COMPANY,NORTH AMERICA,2025-04-28,1,1,0,0,0
Finance,null,HCL TECHNOLOGIES LTD,NORTH AMERICA,2025-05-02,3,3,0,0,0
Platforms + Ecosystems,India,HCL TECHNOLOGIES LTD,APAC,2025-04-29,5,2,3,3,0
Devices & Services,India,TECH MAHINDRA LIMITED,APAC,2025-04-28,9,1,8,0,8
T&S,Malaysia,ACCENTURE PLC,APAC,2025-04-29,4,2,2,0,2
POps,China,DELOITTE,APAC,2025-04-28,3,3,0,0,0
gTech,Poland,TELEPERFORMANCE SE,EMEA,2025-04-28,3,3,0,0,0
REWS,United States,PROPARK AMERICA WEST LLC,NORTH AMERICA,2025-04-28,2,2,0,0,0
Technical Infrastructure,United States,GXO LOGISTICS WORLDWIDE LLC,NORTH AMERICA,2025-04-28,4,3,1,1,0
POps,India,RANDSTAD NV,APAC,2025-04-30,14,2,12,0,12
T&S,India,ACCENTURE PLC,APAC,2025-04-28,4,3,1,1,0
REWS,India,COMPASS GROUP PLC,APAC,2025-05-01,3,3,0,0,0
Ads & Commerce,India,GLOBALLOGIC INC,APAC,2025-04-29,1,1,0,0,0
Waymo,Belgium,LS EUROPE LOGOS,EMEA,2025-05-02,8,3,5,1,4
Waymo,India,WIPRO LIMITED,APAC,2025-04-30,6,1,5,5,0
gTech,India,VIRTUSA CORPORATION,APAC,2025-04-29,5,2,3,2,1
T&S,Philippines,ACCENTURE PLC,APAC,2025-05-02,7,2,5,1,4
T&S,India,WIPRO LIMITED,APAC,2025-04-30,3,3,0,0,0
Waymo,India,WIPRO LIMITED,APAC,2025-04-28,5,1,4,4,0
Ads & Commerce,Poland,TELUS,EMEA,2025-04-28,2,2,0,0,0
Technical Infrastructure,United Kingdom,CBRE GROUP INC,EMEA,2025-04-28,7,1,6,2,4
T&S,Philippines,ACCENTURE PLC,APAC,2025-05-02,7,2,5,4,1
T&S,India,WIPRO LIMITED,APAC,2025-04-28,4,3,1,0,1
REWS,null,SODEXO,APAC,2025-05-02,3,3,0,0,0
gTech,India,COGNIZANT TECHNOLOGY SOLUTIONS CORPORATION,APAC,2025-05-01,3,3,0,0,0
Cloud,India,BRISTLECONE INC.,APAC,2025-04-29,10,1,9,1,8
Access,United States,IBEX HOLDINGS LIMITED,NORTH AMERICA,2025-05-02,6,3,3,0,3
REWS,Philippines,JONES LANG LASALLE INC,APAC,2025-04-29,4,4,0,0,0
REWS,India,JONES LANG LASALLE INC,APAC,2025-05-02,3,3,0,0,0
Technical Infrastructure,United States,"EPC PROJECT MANAGEMENT CONSULTING, LLC",NORTH AMERICA,2025-04-29,8,3,5,2,3
Technical Infrastructure,United States,"CBM OF AMERICA, INC. (VENDOR)",NORTH AMERICA,2025-04-28,11,2,9,1,8
gCS,Brazil,TTEC HOLDINGS INC,LATAM,2025-04-28,5,4,1,0,1
Technical Infrastructure,United States,SCHENKER,NORTH AMERICA,2025-05-01,6,1,5,5,0
Cloud,Philippines,HCL TECHNOLOGIES LTD,APAC,2025-05-02,12,1,11,0,11
YouTube,India,WIPRO LIMITED,APAC,2025-04-29,11,4,7,6,1
gTech,India,TELEPERFORMANCE SE,APAC,2025-04-28,10,2,8,6,2
Marketing,United States,MARVEL MARKETERS LLC,NORTH AMERICA,2025-04-30,5,2,3,1,2
Cloud,India,INFOSYS,APAC,2025-04-29,2,1,1,0,1
Technical Infrastructure,United States,LEDCOR IP HOLDINGS LTD,NORTH AMERICA,2025-04-29,3,3,0,0,0
gCS,India,TELEDIRECT PTE LTD,APAC,2025-04-29,6,5,1,0,1
gTech,Colombia,CONCENTRIX,LATAM,2025-04-29,2,2,0,0,0
REWS,null,COMPASS GROUP PLC,APAC,2025-05-01,3,3,0,0,0
REWS,United States,CBRE GROUP INC,NORTH AMERICA,2025-04-29,9,1,8,0,8
REWS,India,JONES LANG LASALLE INC,APAC,2025-05-02,3,3,0,0,0
Technical Infrastructure,United States,GXO LOGISTICS WORLDWIDE LLC,NORTH AMERICA,2025-04-29,5,3,2,2,0
Ads & Commerce,Poland,TELUS,EMEA,2025-04-29,3,3,0,0,0
Technical Infrastructure,United States,"ROONEY HOLDINGS, INC.",NORTH AMERICA,2025-05-02,3,3,0,0,0
Technical Infrastructure,United States,GARDA WORLD SECURITY CORPORATION,NORTH AMERICA,2025-04-30,2,1,1,1,0
gTech,Philippines,ACCENTURE PLC,APAC,2025-04-30,4,3,1,1,0
Waymo,United States,TRANSDEV,NORTH AMERICA,2025-04-28,8,1,7,1,6
T&S,Malaysia,ACCENTURE PLC,APAC,2025-04-28,3,2,1,0,1
gTech,India,COGNIZANT TECHNOLOGY SOLUTIONS CORPORATION,APAC,2025-05-02,7,3,4,3,1
gCS,India,COGNIZANT TECHNOLOGY SOLUTIONS CORPORATION,APAC,2025-05-02,4,3,1,1,0
Access,United States,DYCOM INDUSTRIES,NORTH AMERICA,2025-05-02,9,4,5,4,1
REWS,Spain,CBRE GROUP INC,EMEA,2025-05-01,3,3,0,0,0
T&S,Philippines,ACCENTURE PLC,APAC,2025-05-02,3,3,0,0,0
REWS,null,JONES LANG LASALLE INC,APAC,2025-05-02,3,3,0,0,0
T&S,Philippines,ACCENTURE PLC,APAC,2025-04-29,10,3,7,0,7
Corp Eng,India,MOVATE TECHNOLOGIES PRIVATE LIMITED,APAC,2025-04-28,5,2,3,1,2
Waymo,India,WIPRO LIMITED,APAC,2025-04-30,2,2,0,0,0
T&S,India,WIPRO LIMITED,APAC,2025-04-28,5,1,4,4,0
Devices & Services,United States,MOSAIC US HOLDINGS INC,NORTH AMERICA,2025-04-28,4,3,1,0,1
Platforms + Ecosystems,United States,CIENET INTERNATIONAL LLC,NORTH AMERICA,2025-05-02,3,3,0,0,0
T&S,India,COGNIZANT TECHNOLOGY SOLUTIONS CORPORATION,APAC,2025-04-28,5,1,4,0,4
Global Affairs (w/o T&S),Philippines,ACCENTURE PLC,APAC,2025-04-29,1,1,0,0,0
Ads & Commerce,India,"APPLAUSE APP QUALITY, INC",APAC,2025-04-30,6,2,4,4,0
Platforms + Ecosystems,United States,"PURPLE, ROCK, SCISSORS LLC",NORTH AMERICA,2025-04-30,6,3,3,2,1
REWS,United Kingdom,FIRST,EMEA,2025-05-01,5,2,3,3,0
Corp Eng,India,IBM CORPORATION,APAC,2025-04-30,4,4,0,0,0
T&S,null,TELEPERFORMANCE SE,LATAM,2025-04-28,3,3,0,0,0
T&S,India,WIPRO LIMITED,APAC,2025-05-01,4,3,1,1,0
T&S,India,WIPRO LIMITED,APAC,2025-04-28,4,1,3,0,3
Access,United States,IBEX HOLDINGS LIMITED,NORTH AMERICA,2025-05-02,9,4,5,2,3
Waymo,United States,AMERIT FLEET SOLUTIONS INC.,NORTH AMERICA,2025-04-28,1,1,0,0,0
Technical Infrastructure,null,"ROONEY HOLDINGS, INC.",NORTH AMERICA,2025-04-29,3,3,0,0,0
Technical Infrastructure,United States,DIRECT LINE GLOBAL LLC,NORTH AMERICA,2025-05-02,10,3,7,6,1
YouTube,India,GENPACT LIMITED,APAC,2025-04-29,3,3,0,0,0
Cloud,India,ACCENTURE PLC,APAC,2025-04-28,8,3,5,3,2
Corp Eng,India,VIRTUSA CORPORATION,APAC,2025-04-29,3,2,1,1,0
REWS,United States,PFC GROUP OF COMPANIES,NORTH AMERICA,2025-04-29,4,3,1,0,1
YouTube,Romania,GENPACT LIMITED,EMEA,2025-04-29,5,4,1,0,1
Technical Infrastructure,United States,GXO LOGISTICS WORLDWIDE LLC,NORTH AMERICA,2025-04-29,5,3,2,0,2
Waymo,United States,TRANSDEV,NORTH AMERICA,2025-05-01,7,2,5,3,2
Waymo,Philippines,COGNIZANT TECHNOLOGY SOLUTIONS CORPORATION,APAC,2025-04-28,3,2,1,1,0
Technical Infrastructure,United States,GXO LOGISTICS WORLDWIDE LLC,NORTH AMERICA,2025-05-02,3,3,0,0,0
gCS,India,ACCENTURE PLC,APAC,2025-04-30,6,2,4,4,0
T&S,India,WIPRO LIMITED,APAC,2025-04-30,3,1,2,1,1
Finance,United States,"MAGNIT, LLC",NORTH AMERICA,2025-04-29,8,3,5,0,5
Technical Infrastructure,United States,"HOLDER CONSTRUCTION GROUP, LLC",NORTH AMERICA,2025-05-01,3,3,0,0,0
Marketing,Indonesia,MASH BRANDS PTY LTD,APAC,2025-04-30,5,2,3,0,3
gTech,Germany,VACO,EMEA,2025-05-02,7,3,4,3,1
REWS,India,JONES LANG LASALLE INC,APAC,2025-05-02,3,3,0,0,0
Access,United States,HR GREEN INC,NORTH AMERICA,2025-04-30,5,2,3,1,2
Waymo,India,COGNIZANT TECHNOLOGY SOLUTIONS CORPORATION,APAC,2025-05-01,3,3,0,0,0
Google.org,India,COGNIZANT TECHNOLOGY SOLUTIONS CORPORATION,APAC,2025-04-30,4,4,0,0,0
Technical Infrastructure,United States,"BARRY-WEHMILLER DESIGN GROUP, INC.",NORTH AMERICA,2025-04-30,16,2,14,0,14
T&S,India,WIPRO LIMITED,APAC,2025-05-01,4,3,1,1,0
REWS,United States,JONES LANG LASALLE INC,NORTH AMERICA,2025-04-29,4,3,1,0,1
Learning and Sustainability,United States,LEFT FIELD LABS LLC,NORTH AMERICA,2025-04-30,16,3,13,0,13
Technical Infrastructure,null,EXYTE GMBH,EMEA,2025-05-02,3,3,0,0,0
Technical Infrastructure,Finland,FIBER HIGHWAY FINLAND OY,EMEA,2025-04-28,2,2,0,0,0
Platforms + Ecosystems,United States,WIPRO LIMITED,NORTH AMERICA,2025-04-30,3,3,0,0,0
Technical Infrastructure,United States,"HOLDER CONSTRUCTION GROUP, LLC",NORTH AMERICA,2025-04-29,1,1,0,0,0
Waymo,India,WIPRO LIMITED,APAC,2025-04-30,2,1,1,1,0
Access,United States,SORENSEN CRAIG F CONSTRUCTION INC,NORTH AMERICA,2025-04-28,7,1,6,0,6
YouTube,India,GENPACT LIMITED,APAC,2025-04-28,3,1,2,0,2
Global Affairs (w/o T&S),Singapore,LAWYERS ON DEMAND LIMITED,APAC,2025-04-29,3,2,1,1,0
Corp Eng,India,IBM CORPORATION,APAC,2025-04-28,3,1,2,0,2
Technical Infrastructure,United States,"ROONEY HOLDINGS, INC.",NORTH AMERICA,2025-05-01,3,2,1,1,0
REWS,null,ELECTROSONIC LIMITED,NORTH AMERICA,2025-04-28,3,3,0,0,0
YouTube,India,COGNIZANT TECHNOLOGY SOLUTIONS CORPORATION,APAC,2025-04-28,2,2,0,0,0
REWS,India,JONES LANG LASALLE INC,APAC,2025-05-02,3,3,0,0,0
Access,United States,DYCOM INDUSTRIES,NORTH AMERICA,2025-04-30,9,1,8,8,0
YouTube,India,TELEPERFORMANCE SE,APAC,2025-04-28,4,2,2,0,2
YouTube,Philippines,TECH MAHINDRA LIMITED,APAC,2025-05-02,11,2,9,0,9
gTech,Brazil,CONCENTRIX,LATAM,2025-04-29,6,3,3,3,0
Technical Infrastructure,United States,MARK G ANDERSON CONSULTANTS INC,NORTH AMERICA,2025-04-28,8,2,6,0,6
gTech,India,TELEPERFORMANCE SE,APAC,2025-04-30,2,1,1,0,1
Waymo,United States,TRANSDEV,NORTH AMERICA,2025-04-29,3,2,1,1,0
Cloud,United States,"MAGNIT, LLC",NORTH AMERICA,2025-05-01,7,4,3,3,0
Technical Infrastructure,United States,SCHENKER,NORTH AMERICA,2025-04-29,6,2,4,3,1
Access,Brazil,GLOBANT LLC,LATAM,2025-04-29,2,2,0,0,0
Technical Infrastructure,United States,SCHENKER,NORTH AMERICA,2025-04-30,7,1,6,2,4
REWS,Australia,CHALLENGER SECURITY PTY LTD,APAC,2025-05-01,7,4,3,2,1
Cloud,United States,HCL TECHNOLOGIES LTD,NORTH AMERICA,2025-04-28,4,4,0,0,0
Technical Infrastructure,United States,SCHENKER,NORTH AMERICA,2025-04-29,6,3,3,2,1
Technical Infrastructure,Denmark,QVISTGAARD IS,EMEA,2025-05-01,3,3,0,0,0
REWS,India,JONES LANG LASALLE INC,APAC,2025-05-02,3,3,0,0,0
gTech,India,GENPACT LIMITED,APAC,2025-04-29,4,4,0,0,0
POps,null,WIPRO LIMITED,EMEA,2025-05-02,3,3,0,0,0
gCS,Philippines,CONCENTRIX,APAC,2025-04-30,2,2,0,0,0
Platforms + Ecosystems,India,MARKETSTAR CORPORATION,APAC,2025-04-28,2,2,0,0,0
YouTube,United States,TELEPERFORMANCE SE,NORTH AMERICA,2025-04-30,5,1,4,2,2
Technical Infrastructure,United States,GARDA WORLD SECURITY CORPORATION,NORTH AMERICA,2025-04-30,2,2,0,0,0
Waymo,India,COGNIZANT TECHNOLOGY SOLUTIONS CORPORATION,APAC,2025-04-29,9,1,8,0,8
gTech,India,VIRTUSA CORPORATION,APAC,2025-04-28,4,2,2,2,0
Devices & Services,United States,MOSAIC US HOLDINGS INC,NORTH AMERICA,2025-04-28,5,2,3,2,1
X,India,INFOCUSP INNOVATIONS LLP,APAC,2025-04-30,2,1,1,0,1
Technical Infrastructure,United States,LEDCOR IP HOLDINGS LTD,NORTH AMERICA,2025-04-29,3,3,0,0,0
Geo,India,COGNIZANT TECHNOLOGY SOLUTIONS CORPORATION,APAC,2025-04-28,3,3,0,0,0
T&S,India,WIPRO LIMITED,APAC,2025-04-30,3,1,2,1,1
YouTube,Greece,TELEPERFORMANCE SE,EMEA,2025-05-02,4,3,1,1,0
Waymo,United States,METRO ONE LOSS PREVENTION SERVICES GROUP (GUARD DIVISION) INC,NORTH AMERICA,2025-04-30,7,3,4,2,2
gTech,Colombia,CONCENTRIX,LATAM,2025-04-30,3,2,1,0,1
YouTube,India,GENPACT LIMITED,APAC,2025-04-28,3,2,1,1,0
Waymo,India,WIPRO LIMITED,APAC,2025-04-30,2,2,0,0,0
gTech,Malaysia,TELEDIRECT PTE LTD,APAC,2025-04-28,2,2,0,0,0
Core (w/o Corp Eng),United States,NCC GROUP,NORTH AMERICA,2025-05-01,14,3,11,10,1
Technical Infrastructure,United States,VIKING ENGINEERING AND CONSTRUCTION LLC,NORTH AMERICA,2025-04-29,11,3,8,6,2
Devices & Services,India,TESSOLVE SEMICONDUCTOR PVT LTD,APAC,2025-05-02,3,3,0,0,0
POps,India,RANDSTAD NV,APAC,2025-04-29,13,3,10,2,8
T&S,India,WIPRO LIMITED,APAC,2025-04-28,4,1,3,3,0
Technical Infrastructure,United States,"HOLDER CONSTRUCTION GROUP, LLC",NORTH AMERICA,2025-05-02,3,3,0,0,0
Platforms + Ecosystems,India,ITTIAM SYSTEMS PVT LTD,APAC,2025-04-29,7,3,4,0,4
POps,India,RANDSTAD NV,APAC,2025-04-30,14,2,12,5,7
Technical Infrastructure,United States,"HOLDER CONSTRUCTION GROUP, LLC",NORTH AMERICA,2025-04-30,2,2,0,0,0
Technical Infrastructure,Thailand,WOOD INTERNATIONAL LIMITED,APAC,2025-04-28,3,1,2,1,1
REWS,null,COMPASS GROUP PLC,APAC,2025-05-02,3,3,0,0,0
YouTube,India,CONCENTRIX,APAC,2025-05-01,5,3,2,1,1
Technical Infrastructure,Brazil,PROSEGUR SA,LATAM,2025-04-28,4,2,2,2,0
gTech,India,TECH MAHINDRA LIMITED,APAC,2025-04-29,4,3,1,0,1
T&S,India,WIPRO LIMITED,APAC,2025-05-02,5,3,2,1,1
gTech,Poland,TELEPERFORMANCE SE,EMEA,2025-04-28,3,3,0,0,0
Corp Eng,Singapore,NIPPON TELEGRAPH AND TELEPHONE CORPORATION,APAC,2025-04-29,4,2,2,0,2
Technical Infrastructure,null,AIDAN STRAIN ELECTRICAL ENGINEERING LIMITED,EMEA,2025-04-28,2,2,0,0,0
Cloud,Spain,TELEPERFORMANCE SE,EMEA,2025-04-28,3,3,0,0,0
REWS,United States,JONES LANG LASALLE INC,NORTH AMERICA,2025-05-02,15,5,10,0,10
Technical Infrastructure,United States,GXO LOGISTICS WORLDWIDE LLC,NORTH AMERICA,2025-04-28,9,4,5,4,1
gTech,Guatemala,TELUS,LATAM,2025-04-29,3,2,1,1,0
gTech,India,TELEPERFORMANCE SE,APAC,2025-04-28,3,3,0,0,0
YouTube,Ireland,ACCENTURE PLC,EMEA,2025-04-28,4,1,3,0,3
Cloud,Mexico,TATA GROUP,LATAM,2025-04-29,6,3,3,1,2
Waymo,United States,AMERIT FLEET SOLUTIONS INC.,NORTH AMERICA,2025-04-29,2,2,0,0,0
POps,India,RANDSTAD NV,APAC,2025-04-29,13,3,10,8,2
Technical Infrastructure,United States,GARDA WORLD SECURITY CORPORATION,NORTH AMERICA,2025-05-02,4,3,1,1,0
Cloud,India,CLOUDSUFI INC.,APAC,2025-05-02,14,3,11,0,11
T&S,India,WIPRO LIMITED,APAC,2025-04-30,5,2,3,1,2
YouTube,India,CONCENTRIX,APAC,2025-04-30,2,3,0,0,0
Waymo,India,WIPRO LIMITED,APAC,2025-04-30,2,1,1,0,1
Cloud,India,BRISTLECONE INC.,APAC,2025-04-30,11,1,10,0,10
Waymo,United States,TRANSDEV,NORTH AMERICA,2025-05-01,7,2,5,0,5
Ads & Commerce,United States,EPAM SYSTEMS INC,NORTH AMERICA,2025-04-30,3,2,1,0,1
Technical Infrastructure,United States,ALLIED UNIVERSAL,NORTH AMERICA,2025-04-28,6,2,4,4,0
REWS,United States,GARDA WORLD SECURITY CORPORATION,NORTH AMERICA,2025-05-01,7,3,4,3,1
Technical Infrastructure,United States,"HOLDER CONSTRUCTION GROUP, LLC",NORTH AMERICA,2025-04-30,2,2,0,0,0
YouTube,India,TATA GROUP,APAC,2025-04-29,3,2,1,1,0
Waymo,United States,ABM INDUSTRIES INCORPORATED,NORTH AMERICA,2025-04-28,2,2,0,0,0
REWS,United States,DELOITTE,NORTH AMERICA,2025-04-29,5,1,4,2,2
gCS,Brazil,TTEC HOLDINGS INC,LATAM,2025-04-28,11,3,8,7,1
gCS,Philippines,CONCENTRIX,APAC,2025-04-30,2,2,0,0,0
Cloud,Mexico,TATA GROUP,LATAM,2025-04-28,22,6,16,15,1
gTech,Poland,TELEPERFORMANCE SE,EMEA,2025-04-28,3,3,0,0,0
REWS,United States,ACCENTURE PLC,NORTH AMERICA,2025-04-30,4,3,1,1,0
REWS,India,G4S PLC,APAC,2025-04-29,3,3,0,0,0
Corp Eng,India,ASTREYA PARTNERS INC,APAC,2025-05-02,7,1,6,6,0
T&S,Costa Rica,TELEPERFORMANCE SE,LATAM,2025-04-30,5,3,2,1,1
YouTube,India,WIPRO LIMITED,APAC,2025-05-02,3,3,0,0,0
Technical Infrastructure,United States,GXO LOGISTICS WORLDWIDE LLC,NORTH AMERICA,2025-04-28,4,3,1,1,0
REWS,India,SODEXO,APAC,2025-05-02,3,3,0,0,0
gTech,India,VIRTUSA CORPORATION,APAC,2025-05-02,3,3,0,0,0
POps,India,RANDSTAD NV,APAC,2025-05-02,7,2,5,5,0
gCS,Philippines,CONCENTRIX,APAC,2025-05-01,3,2,1,0,1
gTech,Sweden,"PRO UNLIMITED, INC. (VENDOR)",EMEA,2025-05-01,3,2,1,1,0
Cloud,United States,ACCENTURE PLC,NORTH AMERICA,2025-05-02,4,3,1,0,1
Marketing,United Kingdom,ADECCO UK LIMITED,EMEA,2025-04-30,13,8,5,3,2
gTech,Philippines,CONCENTRIX,APAC,2025-04-28,5,2,3,0,3
gTech,India,TELEPERFORMANCE SE,APAC,2025-04-28,5,3,2,2,0
REWS,United Kingdom,FIRST,EMEA,2025-05-02,6,3,0,0,0
gTech,India,COGNIZANT TECHNOLOGY SOLUTIONS CORPORATION,APAC,2025-04-29,4,3,1,1,0
GBO (w/o gTech & gCS),Singapore,CODIMITE PTE LTD,APAC,2025-04-30,2,2,0,0,0
Technical Infrastructure,United States,"AKRAYA, INC",NORTH AMERICA,2025-05-02,7,3,4,3,1
Waymo,India,COGNIZANT TECHNOLOGY SOLUTIONS CORPORATION,APAC,2025-05-01,3,2,1,0,1
YouTube,United States,COLLABERA LLC,NORTH AMERICA,2025-05-01,9,5,4,0,4
Technical Infrastructure,United States,E2 OPTICS,NORTH AMERICA,2025-05-01,16,3,13,12,1
gTech,Portugal,COGNIZANT TECHNOLOGY SOLUTIONS CORPORATION,EMEA,2025-04-30,4,3,1,0,1
Cloud,Greece,TELEPERFORMANCE SE,EMEA,2025-04-29,3,3,0,0,0
Technical Infrastructure,United States,DIRECT LINE GLOBAL LLC,NORTH AMERICA,2025-04-29,2,2,0,0,0
YouTube,Greece,TELEPERFORMANCE SE,EMEA,2025-04-30,2,2,0,0,0
Cloud,Romania,COGNIZANT TECHNOLOGY SOLUTIONS CORPORATION,EMEA,2025-04-29,5,1,4,0,4
Waymo,United States,TRANSDEV,NORTH AMERICA,2025-05-01,7,2,5,0,5
Corp Eng,United States,ASTREYA PARTNERS INC,NORTH AMERICA,2025-04-30,5,1,4,4,0
YouTube,India,GENPACT LIMITED,APAC,2025-04-28,3,2,1,0,1
T&S,India,WIPRO LIMITED,APAC,2025-04-30,3,1,2,0,2
Cloud,Brazil,SURESKILLS LIMITED,LATAM,2025-05-02,7,2,5,0,5
gTech,United States,VACO,NORTH AMERICA,2025-04-30,5,2,3,1,2
gTech,India,TELEPERFORMANCE SE,APAC,2025-05-01,4,1,3,3,0
Technical Infrastructure,United States,GXO LOGISTICS WORLDWIDE LLC,NORTH AMERICA,2025-05-01,7,3,4,4,0
Cloud,Brazil,ACCENTURE PLC,LATAM,2025-04-28,3,2,1,0,1
YouTube,United States,ACCENTURE PLC,NORTH AMERICA,2025-05-02,4,3,1,0,1
Technical Infrastructure,United States,ALLIED UNIVERSAL,NORTH AMERICA,2025-05-01,3,3,0,0,0
YouTube,Ireland,ACCENTURE PLC,EMEA,2025-04-28,3,2,1,0,1
Access,United States,INFOGAIN CORPORATION,NORTH AMERICA,2025-04-28,1,1,0,0,0
YouTube,Philippines,TECH MAHINDRA LIMITED,APAC,2025-05-02,11,2,9,7,2
Technical Infrastructure,Chile,SISTEMAS CONTRA INCENDIOS EUROCOMERCIAL LTDA,LATAM,2025-04-29,4,4,0,0,0
Devices & Services,null,TEZERAKT LLC,NORTH AMERICA,2025-04-28,3,3,0,0,0
Technical Infrastructure,United States,"APEX INFRASTRUCTURE CONSULTANTS, LLC",NORTH AMERICA,2025-04-28,9,3,6,1,5
Waymo,India,WIPRO LIMITED,APAC,2025-04-30,2,1,1,1,0
Technical Infrastructure,United States,GARDA WORLD SECURITY CORPORATION,NORTH AMERICA,2025-04-30,2,2,0,0,0
Platforms + Ecosystems,India,MARKETSTAR CORPORATION,APAC,2025-04-28,1,1,0,0,0
Finance,United States,KPMG,NORTH AMERICA,2025-05-02,9,2,7,0,7
T&S,India,ACCENTURE PLC,APAC,2025-05-02,6,4,2,0,2
Technical Infrastructure,United States,GXO LOGISTICS WORLDWIDE LLC,NORTH AMERICA,2025-05-02,7,3,4,4,0
Waymo,India,WIPRO LIMITED,APAC,2025-04-29,4,1,3,0,3
Technical Infrastructure,United States,ALLIED UNIVERSAL,NORTH AMERICA,2025-05-01,8,2,6,6,0
T&S,Philippines,ACCENTURE PLC,APAC,2025-04-29,10,4,6,1,5
Cloud,India,VIRTUSA CORPORATION,APAC,2025-04-28,2,2,0,0,0
gTech,India,COGNIZANT TECHNOLOGY SOLUTIONS CORPORATION,APAC,2025-05-01,3,3,0,0,0
YouTube,United States,TELEPERFORMANCE SE,NORTH AMERICA,2025-04-30,4,2,2,2,0
Platforms + Ecosystems,Philippines,ACCENTURE PLC,APAC,2025-05-01,10,4,6,3,3
gTech,India,VIRTUSA CORPORATION,APAC,2025-04-28,4,3,1,1,0
gCS,Philippines,CONCENTRIX,APAC,2025-05-01,3,2,1,1,0
REWS,Romania,CBRE GROUP INC,EMEA,2025-05-02,3,3,0,0,0
T&S,Portugal,ACCENTURE PLC,EMEA,2025-04-29,10,1,9,0,9
YouTube,India,GENPACT LIMITED,APAC,2025-04-29,4,2,2,1,1
Platforms + Ecosystems,India,COGNIZANT TECHNOLOGY SOLUTIONS CORPORATION,APAC,2025-04-28,2,2,0,0,0
Waymo,United States,AMERIT FLEET SOLUTIONS INC.,NORTH AMERICA,2025-04-30,3,2,1,1,0
YouTube,India,ACCENTURE PLC,APAC,2025-05-02,6,3,3,3,0
POps,India,RANDSTAD NV,APAC,2025-04-28,3,3,0,0,0
Access,United States,"GARY D. NELSON ASSOCIATES, INC.",NORTH AMERICA,2025-05-01,4,3,1,0,1
T&S,India,CONCENTRIX,APAC,2025-05-02,5,3,2,2,0
REWS,null,SODEXO,APAC,2025-05-02,3,3,0,0,0
Global Affairs (w/o T&S),United States,VACO,NORTH AMERICA,2025-04-29,4,3,1,0,1
Geo,Poland,EXECUTE APPS LTD,EMEA,2025-04-28,9,2,7,1,6
T&S,India,ACCENTURE PLC,APAC,2025-04-28,5,2,3,0,3
Waymo,United States,UBER TECHNOLOGIES INC,NORTH AMERICA,2025-04-30,2,2,0,0,0
POps,France,WIPRO LIMITED,EMEA,2025-04-29,20,3,17,0,17
T&S,India,WIPRO LIMITED,APAC,2025-05-02,3,3,0,0,0
YouTube,India,GENPACT LIMITED,APAC,2025-04-28,3,2,1,0,1
Technical Infrastructure,Netherlands,SYNCREON GLOBAL HOLDINGS LIMITED,EMEA,2025-04-28,4,1,3,3,0
Technical Infrastructure,Chile,SISTEMAS CONTRA INCENDIOS EUROCOMERCIAL LTDA,LATAM,2025-04-28,3,3,0,0,0
YouTube,United States,ACCENTURE PLC,NORTH AMERICA,2025-05-02,4,2,2,2,0
Technical Infrastructure,United States,SYNCREON GLOBAL HOLDINGS LIMITED,NORTH AMERICA,2025-05-01,17,3,14,14,0
gCS,Brazil,TTEC HOLDINGS INC,LATAM,2025-04-29,6,3,3,1,2
gTech,India,TELEPERFORMANCE SE,APAC,2025-04-30,2,1,1,0,1
T&S,India,WIPRO LIMITED,APAC,2025-04-30,3,2,1,0,1
REWS,null,THE GASTRONOME LTD,EMEA,2025-04-28,3,3,0,0,0
Marketing,United States,"GARY D. NELSON ASSOCIATES, INC.",NORTH AMERICA,2025-04-28,7,4,3,0,3
Cloud,India,BRISTLECONE INC.,APAC,2025-04-28,9,1,8,1,7
gTech,India,COGNIZANT TECHNOLOGY SOLUTIONS CORPORATION,APAC,2025-04-29,3,3,0,0,0
POps,Canada,HR PATH SAS,NORTH AMERICA,2025-04-29,12,4,8,8,0
Technical Infrastructure,United Kingdom,ARCADIS NV,EMEA,2025-05-01,6,2,4,4,0
gCS,Canada,TELEPERFORMANCE SE,NORTH AMERICA,2025-05-02,7,1,6,2,4
gTech,India,COGNIZANT TECHNOLOGY SOLUTIONS CORPORATION,APAC,2025-04-30,4,3,1,0,1
gTech,United States,VACO,NORTH AMERICA,2025-04-28,3,1,2,0,2
POps,India,RANDSTAD NV,APAC,2025-04-30,10,1,9,2,7
REWS,India,SODEXO,APAC,2025-05-02,3,3,0,0,0
T&S,India,WIPRO LIMITED,APAC,2025-04-30,3,3,0,0,0
YouTube,Greece,TELEPERFORMANCE SE,EMEA,2025-05-02,4,3,1,1,0
Waymo,India,WIPRO LIMITED,APAC,2025-05-01,3,1,2,0,2
REWS,United States,COMPASS GROUP PLC,NORTH AMERICA,2025-05-02,9,1,8,0,8
T&S,Romania,COGNIZANT TECHNOLOGY SOLUTIONS CORPORATION,EMEA,2025-05-03,4,3,1,0,1
Waymo,India,WIPRO LIMITED,APAC,2025-05-01,3,3,0,0,0
Technical Infrastructure,Belgium,SECURITAS AB,EMEA,2025-04-28,3,2,1,1,0
Waymo,United States,MAGNA INTERNATIONAL INC.,NORTH AMERICA,2025-04-28,5,4,1,0,1
T&S,India,WIPRO LIMITED,APAC,2025-05-01,4,3,1,1,0
gTech,Mexico,QUALITEST,LATAM,2025-04-28,4,3,1,0,1
T&S,India,WIPRO LIMITED,APAC,2025-04-30,5,5,0,0,0
REWS,United States,SUREFOX CONSULTING LLC,NORTH AMERICA,2025-04-28,3,1,2,0,2
REWS,India,JONES LANG LASALLE INC,APAC,2025-05-02,3,3,0,0,0
Technical Infrastructure,United States,INSIGHT,NORTH AMERICA,2025-04-29,5,2,3,3,0
Technical Infrastructure,United Kingdom,LOMBARDIA CONSULTING GROUP,EMEA,2025-04-28,7,2,5,0,5
POps,India,IBM CORPORATION,APAC,2025-04-28,4,3,1,0,1
Cloud,Poland,TTEC HOLDINGS INC,EMEA,2025-04-28,3,3,0,0,0
Technical Infrastructure,null,ALPHA SERVICES CORPORATION,NORTH AMERICA,2025-04-29,3,3,0,0,0
Waymo,India,WIPRO LIMITED,APAC,2025-04-30,5,2,3,3,0
REWS,Ireland,SYNERGY GLOBAL HOUSING LLC,EMEA,2025-04-30,16,3,13,13,0
gTech,Poland,TELEPERFORMANCE SE,EMEA,2025-04-28,3,3,0,0,0
REWS,United States,PROPARK AMERICA WEST LLC,NORTH AMERICA,2025-04-28,2,2,0,0,0
Geo,India,WIPRO LIMITED,APAC,2025-04-28,2,2,0,0,0
gTech,India,TELEPERFORMANCE SE,APAC,2025-04-29,6,3,3,3,0
Technical Infrastructure,null,CERTIFIED MAINTENANCE SERVICE INC.,NORTH AMERICA,2025-05-01,3,3,0,0,0
Technical Infrastructure,null,"ROONEY HOLDINGS, INC.",NORTH AMERICA,2025-05-01,3,3,0,0,0
POps,India,RANDSTAD NV,APAC,2025-04-28,12,1,11,0,11
T&S,Ireland,ACCENTURE PLC,EMEA,2025-05-01,5,2,3,2,1
Marketing,United States,THE SAGE GROUP,NORTH AMERICA,2025-04-29,3,3,0,0,0
Technical Infrastructure,United States,"ROONEY HOLDINGS, INC.",NORTH AMERICA,2025-05-01,3,3,0,0,0
gTech,United States,VACO,NORTH AMERICA,2025-04-30,5,4,1,1,0
Geo,India,COGNIZANT TECHNOLOGY SOLUTIONS CORPORATION,APAC,2025-05-02,6,3,3,3,0
Technical Infrastructure,United States,GARDA WORLD SECURITY CORPORATION,NORTH AMERICA,2025-05-02,4,3,1,1,0
gCS,Brazil,ATENTO S.A.,LATAM,2025-04-29,3,3,0,0,0
gCS,Brazil,TTEC HOLDINGS INC,LATAM,2025-05-02,7,3,4,4,0
Search,null,TECH MAHINDRA LIMITED,APAC,2025-04-30,3,3,0,0,0
Technical Infrastructure,Netherlands,SYNCREON GLOBAL HOLDINGS LIMITED,EMEA,2025-04-30,6,2,4,3,1
Marketing,United States,LUCKY DAY LLC,NORTH AMERICA,2025-05-01,7,3,4,1,3
Cloud,El Salvador,SERVICESOURCE INTERNATIONAL INC,LATAM,2025-04-28,3,3,0,0,0
Access,United States,DYCOM INDUSTRIES,NORTH AMERICA,2025-04-28,3,2,1,1,0
Technical Infrastructure,United States,GXO LOGISTICS WORLDWIDE LLC,NORTH AMERICA,2025-04-29,5,2,3,1,2
Technical Infrastructure,United States,MCFARLAND BUILDING GROUP LLC,NORTH AMERICA,2025-04-29,1,1,0,0,0
Access,United States,INFOGAIN CORPORATION,NORTH AMERICA,2025-05-02,3,3,0,0,0
Access,Canada,LYNX PLANNING & ENGINEERING INC,NORTH AMERICA,2025-04-28,5,2,3,1,2
Waymo,United States,TRANSDEV,NORTH AMERICA,2025-05-01,7,3,4,2,2
Technical Infrastructure,United States,EXPEDITORS INTERNATIONAL OF WASHINGTON INC,NORTH AMERICA,2025-04-28,3,2,1,1,0
Corp Eng,United States,DELOITTE,NORTH AMERICA,2025-05-02,6,3,3,1,2
Technical Infrastructure,null,"ROONEY HOLDINGS, INC.",NORTH AMERICA,2025-05-02,3,3,0,0,0
Technical Infrastructure,null,"ROONEY HOLDINGS, INC.",NORTH AMERICA,2025-05-01,3,3,0,0,0
Platforms + Ecosystems,India,ITTIAM SYSTEMS PVT LTD,APAC,2025-04-28,6,4,2,0,2
REWS,South Korea,JONES LANG LASALLE INC,APAC,2025-05-02,3,3,0,0,0
Cloud,Spain,TELEPERFORMANCE SE,EMEA,2025-04-28,3,3,0,0,0
Geo,India,WIPRO LIMITED,APAC,2025-04-28,2,1,1,1,0
Waymo,India,COGNIZANT TECHNOLOGY SOLUTIONS CORPORATION,APAC,2025-04-28,2,2,0,0,0
Technical Infrastructure,Finland,FIBER HIGHWAY FINLAND OY,EMEA,2025-04-28,2,2,0,0,0
Technical Infrastructure,null,THE WHITING TURNER CONTRACTING COMPANY,NORTH AMERICA,2025-04-28,3,3,0,0,0
gTech,India,VACO,APAC,2025-04-30,3,3,0,0,0
T&S,India,CONCENTRIX,APAC,2025-04-28,1,1,0,0,0
gTech,Philippines,TELUS,APAC,2025-04-29,7,2,5,4,1
Technical Infrastructure,United States,ALLIED UNIVERSAL,NORTH AMERICA,2025-04-28,4,3,1,1,0
gTech,United States,VACO,NORTH AMERICA,2025-05-02,7,3,4,3,1
Cloud,El Salvador,TELUS,LATAM,2025-05-02,6,4,2,0,2
Technical Infrastructure,United States,MCFARLAND BUILDING GROUP LLC,NORTH AMERICA,2025-05-01,3,3,0,0,0
YouTube,India,WIPRO LIMITED,APAC,2025-04-28,5,5,0,0,0
T&S,India,WIPRO LIMITED,APAC,2025-05-02,4,2,2,0,2
Waymo,India,WIPRO LIMITED,APAC,2025-05-01,3,3,0,0,0
gTech,Poland,TELEPERFORMANCE SE,EMEA,2025-04-28,3,3,0,0,0
Waymo,India,WIPRO LIMITED,APAC,2025-04-30,2,1,1,0,1
T&S,India,WIPRO LIMITED,APAC,2025-05-02,3,3,0,0,0
T&S,Malaysia,ACCENTURE PLC,APAC,2025-04-29,3,2,1,0,1
REWS,India,JONES LANG LASALLE INC,APAC,2025-05-02,3,3,0,0,0
Search,India,GLOBALLOGIC INC,APAC,2025-05-01,2,3,0,0,0
Devices & Services,United States,ARCHLYNK LLC,NORTH AMERICA,2025-04-28,7,2,5,0,5
YouTube,Portugal,GENPACT LIMITED,EMEA,2025-04-30,7,3,4,3,1
Technical Infrastructure,null,"CBM OF AMERICA, INC. (VENDOR)",NORTH AMERICA,2025-04-29,3,3,0,0,0
REWS,null,SODEXO,APAC,2025-05-02,3,3,0,0,0
GBO (w/o gTech & gCS),Philippines,ACCENTURE PLC,APAC,2025-05-02,4,2,2,0,2
Ads & Commerce,Poland,TELUS,EMEA,2025-04-30,4,3,1,0,1
T&S,India,WIPRO LIMITED,APAC,2025-04-30,5,2,3,1,2
Technical Infrastructure,United States,SCHENKER,NORTH AMERICA,2025-05-02,6,3,3,2,1
Cloud,India,ACCENTURE PLC,APAC,2025-05-02,3,3,0,0,0
Technical Infrastructure,United Kingdom,SYNERGY SECURITY SOLUTIONS LIMITED,EMEA,2025-05-01,7,2,5,2,3
gTech,India,TELEPERFORMANCE SE,APAC,2025-04-28,5,3,2,0,2
Technical Infrastructure,United States,ACCENTURE PLC,NORTH AMERICA,2025-05-01,7,2,5,0,5
Technical Infrastructure,null,CERTIFIED MAINTENANCE SERVICE INC.,NORTH AMERICA,2025-05-01,3,3,0,0,0
Technical Infrastructure,null,"ROONEY HOLDINGS, INC.",NORTH AMERICA,2025-05-01,3,3,0,0,0
YouTube,Poland,COGNIZANT TECHNOLOGY SOLUTIONS CORPORATION,EMEA,2025-05-02,4,3,1,0,1
Ads & Commerce,Poland,TELUS,EMEA,2025-04-30,4,3,1,0,1
Corp Eng,India,ACCENTURE PLC,APAC,2025-04-29,6,1,5,0,5
Marketing,Canada,DELOITTE,NORTH AMERICA,2025-05-02,4,1,3,2,1
Technical Infrastructure,United States,UNIFY CONSULTING LLC,NORTH AMERICA,2025-05-01,3,3,0,0,0
Platforms + Ecosystems,India,ITTIAM SYSTEMS PVT LTD,APAC,2025-04-28,6,3,3,0,3
Waymo,India,WIPRO LIMITED,APAC,2025-05-01,3,3,0,0,0
REWS,India,JONES LANG LASALLE INC,APAC,2025-05-02,3,3,0,0,0
YouTube,United States,TELEPERFORMANCE SE,NORTH AMERICA,2025-05-02,6,3,3,3,0
REWS,India,ANIXTER INC,APAC,2025-04-30,10,1,9,8,1
Platforms + Ecosystems,India,HCL TECHNOLOGIES LTD,APAC,2025-04-29,4,3,1,1,0
Finance,India,PWC,APAC,2025-05-02,13,2,11,7,4
REWS,India,SODEXO,APAC,2025-05-02,3,3,0,0,0
REWS,null,YARZIN SELLA MANAGEMENT AND HOLDINGS,EMEA,2025-05-02,3,3,0,0,0
Technical Infrastructure,null,"ROONEY HOLDINGS, INC.",NORTH AMERICA,2025-04-29,3,3,0,0,0
T&S,India,WIPRO LIMITED,APAC,2025-04-30,5,5,0,0,0
Technical Infrastructure,United States,J E DUNN CONSTRUCTION COMPANY,NORTH AMERICA,2025-05-02,3,3,0,0,0
GBO (w/o gTech & gCS),Canada,MAGNIT GLOBAL CANADA LTD.,NORTH AMERICA,2025-04-28,3,3,0,0,0
GBO (w/o gTech & gCS),India,ACCENTURE PLC,APAC,2025-04-29,4,2,2,1,1
POps,India,RANDSTAD NV,APAC,2025-04-28,7,1,6,2,4
gCS,India,ACCENTURE PLC,APAC,2025-04-28,9,3,6,3,3
Waymo,United States,"EMBEDDED RESOURCE GROUP, INC.",NORTH AMERICA,2025-05-01,5,2,3,0,3
Geo,India,COGNIZANT TECHNOLOGY SOLUTIONS CORPORATION,APAC,2025-04-28,3,1,2,0,2
Waymo,United States,TRANSDEV,NORTH AMERICA,2025-05-01,7,2,5,2,3
Waymo,India,WIPRO LIMITED,APAC,2025-05-01,7,1,6,0,6
gTech,United States,VACO,NORTH AMERICA,2025-04-30,5,2,3,0,3
T&S,United States,PYRAMID CONSULTING INC.,NORTH AMERICA,2025-04-29,11,4,7,7,0
YouTube,India,CONCENTRIX,APAC,2025-04-28,4,2,2,2,0
Technical Infrastructure,United States,"HOLDER CONSTRUCTION GROUP, LLC",NORTH AMERICA,2025-04-30,2,2,0,0,0
REWS,United States,SYSTEM ONE HOLDINGS LLC DBA TEAMPEOPLE,NORTH AMERICA,2025-05-02,5,3,2,2,0
Technical Infrastructure,null,J E DUNN CONSTRUCTION COMPANY,NORTH AMERICA,2025-05-02,3,3,0,0,0
YouTube,India,GENPACT LIMITED,APAC,2025-04-28,3,2,1,0,1
gTech,India,TELEPERFORMANCE SE,APAC,2025-05-01,3,2,1,0,1
Access,United States,HR GREEN INC,NORTH AMERICA,2025-04-30,35,3,32,26,6
Marketing,United States,ACCENTURE PLC,NORTH AMERICA,2025-05-01,3,2,1,0,1
T&S,Philippines,ACCENTURE PLC,APAC,2025-05-02,7,2,5,3,2
Cloud,United States,MEDIATEK INC,NORTH AMERICA,2025-04-28,17,7,10,10,0
Technical Infrastructure,United States,GARDA WORLD SECURITY CORPORATION,NORTH AMERICA,2025-05-02,4,3,1,1,0
T&S,India,ACCENTURE PLC,APAC,2025-04-28,5,2,3,0,3
T&S,India,WIPRO LIMITED,APAC,2025-04-28,4,1,3,0,3
POps,India,ACCENTURE PLC,APAC,2025-05-02,7,2,5,0,5
Ads & Commerce,India,GLOBALLOGIC INC,APAC,2025-05-02,4,3,1,1,0
YouTube,India,GENPACT LIMITED,APAC,2025-04-28,3,2,1,1,0
Access,United States,NETCRACKER TECHNOLOGY CORPORATION,NORTH AMERICA,2025-04-28,3,3,0,0,0
Technical Infrastructure,India,ERICSSON INC,APAC,2025-04-29,3,3,0,0,0
Geo,India,COGNIZANT TECHNOLOGY SOLUTIONS CORPORATION,APAC,2025-05-02,6,2,4,4,0
Technical Infrastructure,United States,GXO LOGISTICS WORLDWIDE LLC,NORTH AMERICA,2025-04-30,6,3,3,2,1
REWS,India,SODEXO,APAC,2025-05-02,3,3,0,0,0
Access,India,WIPRO LIMITED,APAC,2025-04-30,3,3,0,0,0
REWS,India,JONES LANG LASALLE INC,APAC,2025-05-02,3,3,0,0,0
Cloud,Greece,TELEPERFORMANCE SE,EMEA,2025-04-29,3,3,0,0,0
Technical Infrastructure,null,INDIGO TELECOM GROUP LTD,LATAM,2025-05-01,3,3,0,0,0
POps,India,ACCENTURE PLC,APAC,2025-04-30,3,2,1,0,1
T&S,India,WIPRO LIMITED,APAC,2025-04-30,5,2,3,1,2
Devices & Services,India,HCL TECHNOLOGIES LTD,APAC,2025-04-28,5,3,2,0,2
REWS,United States,JONES LANG LASALLE INC,NORTH AMERICA,2025-05-02,12,3,9,8,1
Waymo,United States,COGNIZANT TECHNOLOGY SOLUTIONS CORPORATION,NORTH AMERICA,2025-04-28,4,3,1,0,1
Technical Infrastructure,United States,"T5 DCMC, LLC",NORTH AMERICA,2025-04-28,2,2,0,0,0
YouTube,India,ACCENTURE PLC,APAC,2025-04-29,8,4,4,3,1
YouTube,India,GENPACT LIMITED,APAC,2025-04-28,3,2,1,0,1
POps,Denmark,WIPRO LIMITED,EMEA,2025-05-02,3,3,0,0,0
POps,United States,RANDSTAD NV,NORTH AMERICA,2025-04-29,7,5,2,1,1
gTech,India,COGNIZANT TECHNOLOGY SOLUTIONS CORPORATION,APAC,2025-05-01,3,3,0,0,0
T&S,Philippines,ACCENTURE PLC,APAC,2025-05-02,7,2,5,3,2
REWS,Japan,COMPASS GROUP PLC,APAC,2025-05-01,7,3,4,0,4
Technical Infrastructure,United States,DIRECT LINE GLOBAL LLC,NORTH AMERICA,2025-04-28,1,1,0,0,0
gCS,India,TELEDIRECT PTE LTD,APAC,2025-05-02,14,4,10,9,1
Waymo,United States,LINKAGE DESIGN LLC,NORTH AMERICA,2025-05-01,6,2,4,0,4
gTech,United States,TECH MAHINDRA LIMITED,NORTH AMERICA,2025-04-29,5,3,2,1,1
T&S,India,WIPRO LIMITED,APAC,2025-04-29,5,1,4,0,4
gTech,India,TELEPERFORMANCE SE,APAC,2025-05-01,3,2,1,0,1
POps,India,RANDSTAD NV,APAC,2025-04-30,5,1,4,2,2
Access,United States,INSIGHT,NORTH AMERICA,2025-04-30,6,2,4,0,4
gCS,India,TELEDIRECT PTE LTD,APAC,2025-04-29,5,2,3,2,1
gTech,India,COGNIZANT TECHNOLOGY SOLUTIONS CORPORATION,APAC,2025-05-01,3,3,0,0,0
Cloud,Romania,COGNIZANT TECHNOLOGY SOLUTIONS CORPORATION,EMEA,2025-05-01,5,2,3,2,1
Waymo,India,COGNIZANT TECHNOLOGY SOLUTIONS CORPORATION,APAC,2025-05-02,4,3,1,1,0
YouTube,Philippines,TECH MAHINDRA LIMITED,APAC,2025-05-02,11,2,9,0,9
T&S,India,WIPRO LIMITED,APAC,2025-05-01,6,1,5,4,1
Geo,India,ACCENTURE PLC,APAC,2025-05-02,6,3,3,1,2
Technical Infrastructure,United States,GARDA WORLD SECURITY CORPORATION,NORTH AMERICA,2025-05-01,13,8,5,1,4
T&S,Philippines,ACCENTURE PLC,APAC,2025-04-29,5,3,2,0,2
gTech,India,COGNIZANT TECHNOLOGY SOLUTIONS CORPORATION,APAC,2025-04-30,4,4,0,0,0
YouTube,India,ACCENTURE PLC,APAC,2025-05-02,6,2,4,0,4
Technical Infrastructure,United States,SYNCREON GLOBAL HOLDINGS LIMITED,NORTH AMERICA,2025-05-02,10,3,7,7,0
Platforms + Ecosystems,India,HCL TECHNOLOGIES LTD,APAC,2025-04-28,4,1,3,0,3
gTech,India,COGNIZANT TECHNOLOGY SOLUTIONS CORPORATION,APAC,2025-04-28,2,2,0,0,0
Waymo,United States,TRANSDEV,NORTH AMERICA,2025-05-02,8,2,6,0,6
Technical Infrastructure,Denmark,QVISTGAARD IS,EMEA,2025-05-01,3,3,0,0,0
Marketing,Utd.Arab Emir.,DIGITAL FUTURE MIDDLE EAST FZ-LLC,EMEA,2025-04-29,4,2,2,1,1
Technical Infrastructure,United States,FORTIS CONSTRUCTION INC,NORTH AMERICA,2025-04-29,11,3,8,7,1
REWS,Poland,COMPASS GROUP PLC,EMEA,2025-04-29,1,1,0,0,0
REWS,India,JONES LANG LASALLE INC,APAC,2025-05-02,3,3,0,0,0
YouTube,India,GENPACT LIMITED,APAC,2025-04-28,3,2,1,0,1
Access,United States,"SYSTEM RESOURCES TELECOM, LLC (SRI)",NORTH AMERICA,2025-05-01,7,2,5,3,2
Finance,Poland,ACCENTURE PLC,EMEA,2025-05-02,7,4,3,2,1
Waymo,India,WIPRO LIMITED,APAC,2025-04-28,3,2,1,1,0
Finance,Brazil,DICON CONTABILIDADE LTDA,LATAM,2025-04-28,4,3,1,0,1
gCS,Brazil,TTEC HOLDINGS INC,LATAM,2025-04-29,5,3,2,1,1
Waymo,India,COGNIZANT TECHNOLOGY SOLUTIONS CORPORATION,APAC,2025-04-30,2,2,0,0,0
T&S,Portugal,ACCENTURE PLC,EMEA,2025-05-01,4,3,1,0,1
DeepMind,United Kingdom,HARVEY NASH PLC,EMEA,2025-05-01,10,3,7,4,3
Waymo,India,WIPRO LIMITED,APAC,2025-04-28,3,1,2,0,2
REWS,United States,PROPARK AMERICA WEST LLC,NORTH AMERICA,2025-04-28,2,2,0,0,0
Platforms + Ecosystems,India,ITTIAM SYSTEMS PVT LTD,APAC,2025-04-28,2,1,1,0,1
gTech,Greece,TELEPERFORMANCE SE,EMEA,2025-04-30,5,3,2,0,2
REWS,United States,COMPASS GROUP PLC,NORTH AMERICA,2025-05-01,3,3,0,0,0
YouTube,India,CONCENTRIX,APAC,2025-04-30,2,2,0,0,0
Technical Infrastructure,United States,"KOR BUILDING GROUP, LLC",NORTH AMERICA,2025-04-29,8,3,5,4,1
YouTube,Philippines,COGNIZANT TECHNOLOGY SOLUTIONS CORPORATION,APAC,2025-04-28,5,1,4,0,4
Technical Infrastructure,null,SISTEMAS CONTRA INCENDIOS EUROCOMERCIAL LTDA,LATAM,2025-04-28,3,3,0,0,0
Waymo,United States,TRANSDEV,NORTH AMERICA,2025-05-01,7,3,4,1,3
Waymo,India,WIPRO LIMITED,APAC,2025-04-30,6,1,5,5,0
REWS,India,G4S PLC,APAC,2025-04-28,3,3,0,0,0
Cloud,Brazil,ACCENTURE PLC,LATAM,2025-04-28,2,2,0,0,0
Global Affairs (w/o T&S),India,ACCENTURE PLC,APAC,2025-04-29,4,1,3,2,1
Devices & Services,United States,SIEMENS AG,NORTH AMERICA,2025-04-28,6,4,2,2,0
Search,India,GLOBALLOGIC INC,APAC,2025-05-02,3,3,0,0,0
REWS,United States,JOHNSON CONTROLS INTERNATIONAL PLC,NORTH AMERICA,2025-05-01,462,4,458,445,13
gTech,United States,VACO,NORTH AMERICA,2025-04-29,4,2,2,0,2
YouTube,United States,TATA GROUP,NORTH AMERICA,2025-04-28,8,2,6,0,6
gTech,Portugal,TECH MAHINDRA LIMITED,EMEA,2025-04-28,3,2,1,1,0
REWS,India,COMPASS GROUP PLC,APAC,2025-05-01,3,3,0,0,0
Devices & Services,United States,QUEST GLOBAL SERVICES PTE. LTD.,NORTH AMERICA,2025-04-29,3,3,0,0,0
Devices & Services,United States,WIPRO LIMITED,NORTH AMERICA,2025-05-02,8,3,5,3,2
REWS,United States,COMPASS GROUP PLC,NORTH AMERICA,2025-05-01,3,3,0,0,0
Waymo,India,COGNIZANT TECHNOLOGY SOLUTIONS CORPORATION,APAC,2025-05-02,4,3,1,1,0
gTech,United Kingdom,MORGAN MCKINLEY LTD,EMEA,2025-05-01,12,4,8,7,1
REWS,United States,PROPARK AMERICA WEST LLC,NORTH AMERICA,2025-04-30,4,4,0,0,0
gTech,Poland,TELEPERFORMANCE SE,EMEA,2025-04-28,3,3,0,0,0
Cloud,Spain,CONCENTRIX,EMEA,2025-04-30,2,2,0,0,0
Technical Infrastructure,Finland,FIBER HIGHWAY FINLAND OY,EMEA,2025-04-28,2,2,0,0,0
Geo,India,ACCENTURE PLC,APAC,2025-04-30,4,2,2,0,2
Technical Infrastructure,null,ALPHA SERVICES CORPORATION,NORTH AMERICA,2025-04-29,3,3,0,0,0
YouTube,India,GENPACT LIMITED,APAC,2025-04-28,3,2,1,1,0
Cloud,Philippines,ACCENTURE PLC,APAC,2025-04-28,3,2,1,0,1
Geo,India,WIPRO LIMITED,APAC,2025-04-28,2,2,0,0,0
T&S,India,WIPRO LIMITED,APAC,2025-04-28,4,1,3,0,3
T&S,India,ACCENTURE PLC,APAC,2025-04-28,5,2,3,1,2
Technical Infrastructure,United States,SYNCREON GLOBAL HOLDINGS LIMITED,NORTH AMERICA,2025-04-30,4,2,2,2,0
gTech,Colombia,CONCENTRIX,LATAM,2025-04-28,3,2,1,0,1
Devices & Services,Taiwan,TEZERAKT LLC,APAC,2025-04-30,4,3,1,0,1
gTech,India,TELEPERFORMANCE SE,APAC,2025-04-28,5,3,2,2,0
Cloud,El Salvador,SERVICESOURCE INTERNATIONAL INC,LATAM,2025-04-28,3,3,0,0,0
T&S,India,WIPRO LIMITED,APAC,2025-05-01,4,3,1,0,1
YouTube,Philippines,TECH MAHINDRA LIMITED,APAC,2025-05-02,11,2,9,0,9
YouTube,United States,TELEPERFORMANCE SE,NORTH AMERICA,2025-04-30,5,4,1,0,1
Technical Infrastructure,United States,SCHENKER,NORTH AMERICA,2025-04-28,4,4,0,0,0
Corp Eng,India,ACCENTURE PLC,APAC,2025-04-29,3,2,1,0,1
Technical Infrastructure,United States,"HOLDER CONSTRUCTION GROUP, LLC",NORTH AMERICA,2025-04-28,4,4,0,0,0
T&S,India,WIPRO LIMITED,APAC,2025-04-30,5,2,3,2,1
YouTube,India,COGNIZANT TECHNOLOGY SOLUTIONS CORPORATION,APAC,2025-05-02,3,3,0,0,0
T&S,Philippines,ACCENTURE PLC,APAC,2025-04-29,10,3,7,1,6
Platforms + Ecosystems,India,HCL TECHNOLOGIES LTD,APAC,2025-04-29,4,3,1,1,0
REWS,United States,GARDA WORLD SECURITY CORPORATION,NORTH AMERICA,2025-04-28,7,2,5,4,1
Ads & Commerce,India,GLOBALLOGIC INC,APAC,2025-04-28,7,3,4,0,4
Waymo,India,COGNIZANT TECHNOLOGY SOLUTIONS CORPORATION,APAC,2025-05-02,4,3,1,1,0
gCS,Brazil,TTEC HOLDINGS INC,LATAM,2025-04-28,5,4,1,0,1
Cloud,Mexico,EPAM SYSTEMS INC,LATAM,2025-04-29,4,2,2,2,0
Technical Infrastructure,United States,M A MORTENSON COMPANY,NORTH AMERICA,2025-04-29,2,2,0,0,0
Devices & Services,United States,SIEMENS AG,NORTH AMERICA,2025-04-28,6,2,4,2,2
Cloud,Philippines,HCL TECHNOLOGIES LTD,APAC,2025-05-02,5,3,2,2,0
Technical Infrastructure,United States,GXO LOGISTICS WORLDWIDE LLC,NORTH AMERICA,2025-05-01,7,4,3,3,0
Cloud,United States,UJET INC,NORTH AMERICA,2025-05-02,8,2,6,4,2
REWS,United States,"INTER-CON SECURITY SYSTEMS, INC.",NORTH AMERICA,2025-04-30,4,3,1,0,1
Technical Infrastructure,United States,GXO LOGISTICS WORLDWIDE LLC,NORTH AMERICA,2025-05-01,7,3,4,1,3
Waymo,United States,TRANSDEV,NORTH AMERICA,2025-05-01,7,1,6,3,3
gTech,India,VIRTUSA CORPORATION,APAC,2025-05-02,8,3,5,5,0
Technical Infrastructure,United States,"AKRAYA, INC",NORTH AMERICA,2025-04-28,3,3,0,0,0
Corp Eng,India,LARSEN AND TOUBRO LIMITED,APAC,2025-04-29,3,3,0,0,0
gTech,India,COGNIZANT TECHNOLOGY SOLUTIONS CORPORATION,APAC,2025-04-28,2,2,0,0,0
Finance,United States,"DEXIAN, LLC",NORTH AMERICA,2025-04-28,5,1,4,4,0
Waymo,India,WIPRO LIMITED,APAC,2025-05-01,3,3,0,0,0
Access,India,"CHC CONSULTING, LLC",APAC,2025-04-30,18,4,14,12,2
REWS,Poland,COMPASS GROUP PLC,EMEA,2025-04-28,1,1,0,0,0
T&S,Philippines,ACCENTURE PLC,APAC,2025-05-02,7,2,5,1,4
Devices & Services,United States,MOSAIC US HOLDINGS INC,NORTH AMERICA,2025-04-29,11,4,7,5,2
T&S,India,WIPRO LIMITED,APAC,2025-04-30,4,2,2,0,2
Technical Infrastructure,Netherlands,SYNCREON GLOBAL HOLDINGS LIMITED,EMEA,2025-04-28,4,2,2,1,1
Waymo,India,WIPRO LIMITED,APAC,2025-04-28,3,2,1,1,0
Access,United States,"ALAN PLUMMER ASSOCIATES, INC",NORTH AMERICA,2025-04-28,10,2,8,8,0
Waymo,United States,"MAGNIT, LLC",NORTH AMERICA,2025-05-02,19,2,17,0,17
Marketing,United States,ACCENTURE PLC,NORTH AMERICA,2025-04-29,4,2,2,0,2
T&S,Philippines,ACCENTURE PLC,APAC,2025-04-30,11,3,8,0,8
Technical Infrastructure,United States,GXO LOGISTICS WORLDWIDE LLC,NORTH AMERICA,2025-04-28,4,2,2,0,2
REWS,India,SODEXO,APAC,2025-05-02,3,3,0,0,0
Technical Infrastructure,United States,GXO LOGISTICS WORLDWIDE LLC,NORTH AMERICA,2025-05-02,3,3,0,0,0
Geo,India,COGNIZANT TECHNOLOGY SOLUTIONS CORPORATION,APAC,2025-05-02,3,3,0,0,0
gCS,India,ACCENTURE PLC,APAC,2025-04-30,6,2,4,4,0
GBO (w/o gTech & gCS),United States,"MAGNIT, LLC",NORTH AMERICA,2025-04-28,9,5,4,0,4
Technical Infrastructure,United States,"HOLDER CONSTRUCTION GROUP, LLC",NORTH AMERICA,2025-04-30,2,2,0,0,0
Core (w/o Corp Eng),India,ACCENTURE PLC,APAC,2025-04-28,5,1,4,4,0
Technical Infrastructure,United States,SCHENKER,NORTH AMERICA,2025-04-29,1,1,0,0,0
T&S,India,WIPRO LIMITED,APAC,2025-04-30,5,2,3,1,2
gTech,India,COGNIZANT TECHNOLOGY SOLUTIONS CORPORATION,APAC,2025-05-02,3,3,0,0,0
Devices & Services,United States,MOSAIC US HOLDINGS INC,NORTH AMERICA,2025-04-30,12,4,8,0,8
YouTube,Portugal,GENPACT LIMITED,EMEA,2025-05-02,9,3,6,4,2
REWS,United Kingdom,CBRE GROUP INC,EMEA,2025-05-02,3,3,0,0,0
Technical Infrastructure,United States,ALLIED UNIVERSAL,NORTH AMERICA,2025-04-28,16,14,2,1,1
Technical Infrastructure,United Kingdom,ARCADIS NV,EMEA,2025-05-01,7,3,4,3,1
Cloud,India,TECH MAHINDRA LIMITED,APAC,2025-05-01,5,3,2,1,1
Access,United States,DYCOM INDUSTRIES,NORTH AMERICA,2025-05-01,6,3,3,1,2
Waymo,United States,"TASKUS, INC.",NORTH AMERICA,2025-05-02,3,3,0,0,0
REWS,null,THE GASTRONOME LTD,EMEA,2025-04-28,3,3,0,0,0
Global Affairs (w/o T&S),India,ACCENTURE PLC,APAC,2025-04-28,4,2,2,1,1
REWS,Finland,COMPASS GROUP PLC,EMEA,2025-04-29,2,2,0,0,0
gTech,India,COGNIZANT TECHNOLOGY SOLUTIONS CORPORATION,APAC,2025-05-01,3,3,0,0,0
gCS,India,ACCENTURE PLC,APAC,2025-04-28,3,2,1,1,0
YouTube,Greece,TELEPERFORMANCE SE,EMEA,2025-05-01,3,3,0,0,0
Cloud,India,CAPGEMINI SE,APAC,2025-05-02,8,1,7,1,6
Geo,India,COGNIZANT TECHNOLOGY SOLUTIONS CORPORATION,APAC,2025-05-02,6,2,4,3,1
REWS,null,COMPASS GROUP PLC,NORTH AMERICA,2025-05-01,3,3,0,0,0
Devices & Services,India,TECH MAHINDRA LIMITED,APAC,2025-04-28,9,1,8,0,8
gTech,India,TELEPERFORMANCE SE,APAC,2025-04-28,4,4,0,0,0
Technical Infrastructure,United States,VISION TECHNOLOGIES INC.,NORTH AMERICA,2025-04-30,4,4,0,0,0
gTech,Poland,TELEPERFORMANCE SE,EMEA,2025-04-28,3,3,0,0,0
Technical Infrastructure,Thailand,WOOD INTERNATIONAL LIMITED,APAC,2025-04-28,3,2,1,0,1
Technical Infrastructure,United States,SCHENKER,NORTH AMERICA,2025-04-28,9,3,6,5,1
POps,India,RANDSTAD NV,APAC,2025-04-29,10,1,9,0,9
REWS,India,JONES LANG LASALLE INC,APAC,2025-05-02,3,3,0,0,0
REWS,United States,ISS A/S,NORTH AMERICA,2025-04-29,3,3,0,0,0
REWS,United States,SUREFOX CONSULTING LLC,NORTH AMERICA,2025-04-29,2,1,1,0,1
Corp Eng,United States,ASTREYA PARTNERS INC,NORTH AMERICA,2025-04-28,4,2,2,2,0
Technical Infrastructure,United States,GXO LOGISTICS WORLDWIDE LLC,NORTH AMERICA,2025-04-29,5,2,3,0,3
Technical Infrastructure,United States,J E DUNN CONSTRUCTION COMPANY,NORTH AMERICA,2025-05-02,3,3,0,0,0
Geo,India,WIPRO LIMITED,APAC,2025-04-28,2,2,0,0,0
Waymo,India,WIPRO LIMITED,APAC,2025-04-30,6,1,5,0,5
REWS,United States,JONES LANG LASALLE INC,NORTH AMERICA,2025-04-28,1,1,0,0,0
gTech,Poland,TELEPERFORMANCE SE,EMEA,2025-04-28,3,3,0,0,0
Technical Infrastructure,null,"HOLDER CONSTRUCTION GROUP, LLC",NORTH AMERICA,2025-05-01,3,3,0,0,0
REWS,India,COMPASS GROUP PLC,APAC,2025-04-29,4,4,0,0,0
Technical Infrastructure,United States,SCHENKER,NORTH AMERICA,2025-04-30,2,2,0,0,0
REWS,United States,LUX BUS AMERICA CO,NORTH AMERICA,2025-04-28,3,3,0,0,0
YouTube,Portugal,GENPACT LIMITED,EMEA,2025-04-30,5,2,3,2,1
REWS,null,CONVERGINT TECHNOLOGIES GROUP L.P.,LATAM,2025-04-29,3,3,0,0,0
T&S,Portugal,ACCENTURE PLC,EMEA,2025-04-30,10,2,8,2,6
gTech,Poland,TELEPERFORMANCE SE,EMEA,2025-04-28,3,3,0,0,0
Geo,India,WIPRO LIMITED,APAC,2025-04-28,2,2,0,0,0
gTech,United Kingdom,SDL PLC,EMEA,2025-05-01,5,4,1,0,1
T&S,India,ACCENTURE PLC,APAC,2025-04-28,3,1,0,0,0
Waymo,India,COGNIZANT TECHNOLOGY SOLUTIONS CORPORATION,APAC,2025-04-30,2,2,0,0,0
REWS,Taiwan,"LIANG PIN DINING CO., LTD.",APAC,2025-05-02,3,3,0,0,0
Technical Infrastructure,India,INDIGO TELECOM GROUP LTD,APAC,2025-05-01,3,3,0,0,0
Access,United States,TELICS,NORTH AMERICA,2025-04-30,2,3,0,0,0
Platforms + Ecosystems,India,INFOSYS,APAC,2025-04-28,9,1,8,1,7
Technical Infrastructure,United States,TW CONSTRUCTORS LLC,NORTH AMERICA,2025-04-28,7,7,0,0,0
POps,null,FOUNDING YEARS LEARNNG SOLUTIONS PVT LTD,APAC,2025-04-28,3,3,0,0,0
Technical Infrastructure,null,ARRIS SOLUTIONS INC,EMEA,2025-04-28,3,3,0,0,0
gCS,Philippines,CONCENTRIX,APAC,2025-04-30,2,2,0,0,0
Cloud,El Salvador,TELUS,LATAM,2025-04-30,2,2,0,0,0
gTech,Portugal,QUALITEST,EMEA,2025-04-29,5,4,1,1,0
Technical Infrastructure,United States,J E DUNN CONSTRUCTION COMPANY,NORTH AMERICA,2025-04-28,1,1,0,0,0
Cloud,India,COGNIZANT TECHNOLOGY SOLUTIONS CORPORATION,APAC,2025-05-01,5,2,3,0,3
T&S,India,WIPRO LIMITED,APAC,2025-04-28,4,1,3,0,3
Technical Infrastructure,United States,GARDA WORLD SECURITY CORPORATION,NORTH AMERICA,2025-05-01,3,2,1,1,0
gTech,India,COGNIZANT TECHNOLOGY SOLUTIONS CORPORATION,APAC,2025-05-02,4,3,1,0,1
Technical Infrastructure,United States,SYNCREON GLOBAL HOLDINGS LIMITED,NORTH AMERICA,2025-05-02,25,1,24,19,5
Devices & Services,India,ACCENTURE PLC,APAC,2025-04-28,7,4,3,3,0
Technical Infrastructure,United States,AMENTUM COMMERCIAL OPERATIONS INC,NORTH AMERICA,2025-04-30,2,1,1,0,1
Cloud,United States,NETAPP INC,NORTH AMERICA,2025-05-01,12,3,9,0,9
Cloud,India,UBER TECHNOLOGIES INC,APAC,2025-05-01,7,2,5,4,1
YouTube,India,ACCENTURE PLC,APAC,2025-05-02,6,2,4,0,4
YouTube,India,GENPACT LIMITED,APAC,2025-04-28,3,2,1,1,0
Cloud,United States,"MAGNIT, LLC",NORTH AMERICA,2025-04-29,14,3,11,11,0
gTech,Poland,TELEPERFORMANCE SE,EMEA,2025-04-28,3,3,0,0,0
gTech,Poland,COGNIZANT TECHNOLOGY SOLUTIONS CORPORATION,EMEA,2025-04-30,5,1,4,0,4
T&S,India,WIPRO LIMITED,APAC,2025-05-02,3,3,0,0,0
Finance,Philippines,ACCENTURE PLC,APAC,2025-04-29,4,1,3,0,3
Cloud,El Salvador,TELUS,LATAM,2025-05-02,4,3,1,1,0
gCS,India,TELEDIRECT PTE LTD,APAC,2025-04-30,7,4,3,3,0
Waymo,null,ABM INDUSTRIES INCORPORATED,NORTH AMERICA,2025-04-29,3,3,0,0,0
T&S,India,WIPRO LIMITED,APAC,2025-05-01,6,3,3,0,3
gTech,India,TECH MAHINDRA LIMITED,APAC,2025-04-28,2,1,1,0,1
Technical Infrastructure,Argentina,ACCENTURE PLC,LATAM,2025-04-28,3,1,2,0,2
Technical Infrastructure,United States,GXO LOGISTICS WORLDWIDE LLC,NORTH AMERICA,2025-05-02,3,3,0,0,0
Technical Infrastructure,United States,"EPC PROJECT MANAGEMENT CONSULTING, LLC",NORTH AMERICA,2025-04-29,4,3,1,0,1
Cloud,Philippines,ACCENTURE PLC,APAC,2025-04-28,8,3,5,2,3
gTech,India,CONCENTRIX,APAC,2025-05-02,7,3,4,3,1
REWS,Belgium,CBRE GROUP INC,EMEA,2025-04-29,20,10,10,7,3
YouTube,India,GENPACT LIMITED,APAC,2025-04-28,3,2,1,0,1
Finance,Philippines,ACCENTURE PLC,APAC,2025-05-01,5,3,2,1,1
gTech,Mexico,QUALITEST,LATAM,2025-05-01,8,5,3,3,0
Waymo,United States,"TASKUS, INC.",NORTH AMERICA,2025-05-02,4,2,2,1,1
Waymo,United States,"MAGNIT, LLC",NORTH AMERICA,2025-04-28,12,2,10,10,0
Waymo,India,WIPRO LIMITED,APAC,2025-05-01,3,2,1,1,0
Technical Infrastructure,Germany,SCHENKER,EMEA,2025-04-28,18,4,14,0,14
REWS,null,SODEXO,APAC,2025-05-02,3,3,0,0,0
Technical Infrastructure,United States,FORTIS CONSTRUCTION INC,NORTH AMERICA,2025-04-28,10,3,7,7,0
REWS,null,SODEXO,APAC,2025-05-02,3,3,0,0,0
Cloud,Spain,CONCENTRIX,EMEA,2025-04-28,3,3,0,0,0
Technical Infrastructure,United States,"HOLDER CONSTRUCTION GROUP, LLC",NORTH AMERICA,2025-05-02,3,3,0,0,0
Platforms + Ecosystems,United States,MILESTONE TECHNOLOGIES INC,NORTH AMERICA,2025-05-01,3,2,1,0,1
gTech,India,TELEPERFORMANCE SE,APAC,2025-04-28,10,2,8,2,6
Core (w/o Corp Eng),Philippines,INFOSYS,APAC,2025-04-29,5,3,2,1,1
YouTube,India,ACCENTURE PLC,APAC,2025-04-29,4,2,2,0,2
Technical Infrastructure,United States,SCHENKER,NORTH AMERICA,2025-04-29,6,2,4,3,1
REWS,India,JONES LANG LASALLE INC,APAC,2025-05-02,3,3,0,0,0
Marketing,United States,"US TECH SOLUTIONS, INC.",NORTH AMERICA,2025-04-30,9,2,7,6,1
gCS,India,ACCENTURE PLC,APAC,2025-04-29,5,1,4,4,0
Waymo,India,WIPRO LIMITED,APAC,2025-04-29,4,2,2,2,0
gTech,India,CONCENTRIX,APAC,2025-04-29,5,3,2,2,0
Cloud,United States,MEDIATEK INC,NORTH AMERICA,2025-04-29,18,3,15,14,1
Cloud,Spain,TELEPERFORMANCE SE,EMEA,2025-04-28,3,3,0,0,0
Cloud,El Salvador,TELUS,LATAM,2025-05-02,4,3,1,1,0
REWS,Canada,COMPASS GROUP PLC,NORTH AMERICA,2025-04-28,4,4,0,0,0
Technical Infrastructure,United States,GXO LOGISTICS WORLDWIDE LLC,NORTH AMERICA,2025-04-28,2,2,0,0,0
Technical Infrastructure,United States,GXO LOGISTICS WORLDWIDE LLC,NORTH AMERICA,2025-05-01,7,3,4,1,3
Technical Infrastructure,India,ACCENTURE PLC,APAC,2025-05-02,7,2,5,2,3
POps,India,DELOITTE,APAC,2025-04-29,3,3,0,0,0
Technical Infrastructure,United States,VEEAR PROJECTS INC,NORTH AMERICA,2025-04-29,6,1,5,2,3
YouTube,India,GENPACT LIMITED,APAC,2025-04-28,3,2,1,0,1
Technical Infrastructure,United States,ALLIED UNIVERSAL,NORTH AMERICA,2025-04-28,4,3,1,0,1
T&S,India,WIPRO LIMITED,APAC,2025-04-30,3,1,2,1,1
Cloud,India,COGNIZANT TECHNOLOGY SOLUTIONS CORPORATION,APAC,2025-04-28,3,2,1,0,1
T&S,India,WIPRO LIMITED,APAC,2025-04-29,2,1,1,0,1
YouTube,India,GENPACT LIMITED,APAC,2025-04-28,3,2,1,1,0
Technical Infrastructure,Netherlands,EXYTE GMBH,EMEA,2025-04-28,4,1,3,2,1
Technical Infrastructure,Netherlands,SECURITAS AB,EMEA,2025-04-30,6,1,5,3,2
Technical Infrastructure,United States,"HOLDER CONSTRUCTION GROUP, LLC",NORTH AMERICA,2025-04-29,3,3,0,0,0
Cloud,United States,DELOITTE,NORTH AMERICA,2025-05-01,3,1,2,0,2
Cloud,Greece,TELEPERFORMANCE SE,EMEA,2025-04-29,3,3,0,0,0
Technical Infrastructure,India,INDIGO TELECOM GROUP LTD,APAC,2025-04-29,1,1,0,0,0
T&S,India,WIPRO LIMITED,APAC,2025-04-30,3,1,2,0,2
Waymo,United States,TRANSDEV,NORTH AMERICA,2025-05-01,12,2,10,0,10
POps,India,RANDSTAD NV,APAC,2025-04-29,10,1,9,4,5
Cloud,Spain,TELEPERFORMANCE SE,EMEA,2025-04-29,4,3,1,1,0
Search,India,GLOBALLOGIC INC,APAC,2025-05-02,3,3,0,0,0
gTech,India,COGNIZANT TECHNOLOGY SOLUTIONS CORPORATION,APAC,2025-05-01,3,3,0,0,0
gCS,India,ACCENTURE PLC,APAC,2025-04-29,6,1,5,0,5
Global Affairs (w/o T&S),United States,"CONSILIO, INC",NORTH AMERICA,2025-04-28,7,3,4,3,1
T&S,India,WIPRO LIMITED,APAC,2025-05-02,7,2,5,0,5
REWS,Brazil,SODEXO,LATAM,2025-05-02,3,3,0,0,0
Finance,United States,SOLOMONEDWARDSGROUP LLC,NORTH AMERICA,2025-04-30,3,3,0,0,0
YouTube,India,ACCENTURE PLC,APAC,2025-05-02,6,2,4,0,4
Waymo,null,METRO ONE LOSS PREVENTION SERVICES GROUP (GUARD DIVISION) INC,NORTH AMERICA,2025-04-29,3,3,0,0,0
Cloud,El Salvador,TELUS,LATAM,2025-04-30,2,2,0,0,0
REWS,Canada,COMPASS GROUP PLC,NORTH AMERICA,2025-04-30,2,2,0,0,0
REWS,null,GREATER THAN THE SUM,NORTH AMERICA,2025-05-02,3,3,0,0,0
gTech,Poland,TELEPERFORMANCE SE,EMEA,2025-04-28,3,3,0,0,0
Technical Infrastructure,United States,GXO LOGISTICS WORLDWIDE LLC,NORTH AMERICA,2025-05-01,7,4,3,2,1
gTech,Colombia,CONCENTRIX,LATAM,2025-04-29,2,2,0,0,0
Waymo,India,WIPRO LIMITED,APAC,2025-05-01,3,3,0,0,0
REWS,United States,JONES LANG LASALLE INC,NORTH AMERICA,2025-04-29,4,2,2,0,2
Technical Infrastructure,United States,GXO LOGISTICS WORLDWIDE LLC,NORTH AMERICA,2025-04-29,5,3,2,1,1
Cloud,United States,MANTECH ADVANCED SYSTEMS INTERNATIONAL INC,NORTH AMERICA,2025-04-30,2,3,0,0,0
Technical Infrastructure,United States,SCHENKER,NORTH AMERICA,2025-04-29,1,1,0,0,0
Technical Infrastructure,United States,"ROONEY HOLDINGS, INC.",NORTH AMERICA,2025-05-02,3,3,0,0,0
REWS,null,MEDIFIT CONSULTANTS PVT LTD,APAC,2025-05-02,3,3,0,0,0
YouTube,Philippines,TECH MAHINDRA LIMITED,APAC,2025-05-02,11,2,9,4,5
Corp Eng,India,HCL TECHNOLOGIES LTD,APAC,2025-04-29,2,1,1,0,1
Search,Malaysia,TECH MAHINDRA LIMITED,APAC,2025-04-30,3,3,0,0,0
REWS,India,JONES LANG LASALLE INC,APAC,2025-05-02,3,3,0,0,0
Devices & Services,Taiwan,TATA GROUP,APAC,2025-04-30,2,0,2,2,0
T&S,India,WIPRO LIMITED,APAC,2025-05-02,5,3,2,0,2
gTech,India,COGNIZANT TECHNOLOGY SOLUTIONS CORPORATION,APAC,2025-05-02,3,3,0,0,0
Cloud,United States,GLOBANT LLC,NORTH AMERICA,2025-04-30,3,2,1,1,0
gTech,null,QUALITEST,EMEA,2025-05-02,3,3,0,0,0
T&S,India,WIPRO LIMITED,APAC,2025-04-30,5,2,3,1,2
Technical Infrastructure,United States,SCHENKER,NORTH AMERICA,2025-04-30,7,2,5,4,1
T&S,India,WIPRO LIMITED,APAC,2025-04-28,4,1,3,1,2
Cloud,Romania,COGNIZANT TECHNOLOGY SOLUTIONS CORPORATION,EMEA,2025-04-29,5,1,4,1,3
T&S,United States,"MCAFEE, INC.",NORTH AMERICA,2025-05-02,7,2,5,0,5
Technical Infrastructure,null,"HOLDER CONSTRUCTION GROUP, LLC",NORTH AMERICA,2025-05-02,3,3,0,0,0
Access,India,COGNIZANT TECHNOLOGY SOLUTIONS CORPORATION,APAC,2025-05-02,3,3,0,0,0
GBO (w/o gTech & gCS),United States,MOSAIC US HOLDINGS INC,NORTH AMERICA,2025-05-01,6,2,4,4,0
Devices & Services,United States,MOSAIC US HOLDINGS INC,NORTH AMERICA,2025-04-29,4,2,2,1,1
Waymo,India,WIPRO LIMITED,APAC,2025-04-30,2,1,1,1,0
Waymo,United States,TRANSDEV,NORTH AMERICA,2025-05-01,7,2,5,2,3
Ads & Commerce,India,"APPLAUSE APP QUALITY, INC",APAC,2025-04-28,5,5,0,0,0
Geo,India,COGNIZANT TECHNOLOGY SOLUTIONS CORPORATION,APAC,2025-05-02,6,3,3,3,0
T&S,India,WIPRO LIMITED,APAC,2025-04-29,8,3,5,4,1
Devices & Services,India,HCL TECHNOLOGIES LTD,APAC,2025-04-29,4,2,2,1,1
Geo,Brazil,COGNIZANT TECHNOLOGY SOLUTIONS CORPORATION,LATAM,2025-05-02,3,3,0,0,0
Technical Infrastructure,United States,J E DUNN CONSTRUCTION COMPANY,NORTH AMERICA,2025-05-02,3,3,0,0,0
Global Affairs (w/o T&S),United States,"CONSILIO, INC",NORTH AMERICA,2025-04-28,7,2,5,0,5
REWS,India,SODEXO,APAC,2025-05-02,3,3,0,0,0
Technical Infrastructure,United States,VISION TECHNOLOGIES INC.,NORTH AMERICA,2025-04-30,11,1,10,10,0
Technical Infrastructure,United States,SYNCREON GLOBAL HOLDINGS LIMITED,NORTH AMERICA,2025-04-29,6,2,4,3,1
Global Affairs (w/o T&S),India,ACCENTURE PLC,APAC,2025-05-02,4,3,1,1,0
Platforms + Ecosystems,India,ENCORA HOLDINGS LIMITED,APAC,2025-04-30,3,1,2,0,2
YouTube,Philippines,TECH MAHINDRA LIMITED,APAC,2025-05-02,11,1,10,0,10
Technical Infrastructure,Denmark,QVISTGAARD IS,EMEA,2025-05-01,3,3,0,0,0
T&S,Philippines,ACCENTURE PLC,APAC,2025-04-28,9,3,6,1,5
Technical Infrastructure,India,VERBESTEL LLC,APAC,2025-04-29,19,2,17,1,16
Geo,India,WIPRO LIMITED,APAC,2025-04-28,2,2,0,0,0
T&S,India,WIPRO LIMITED,APAC,2025-04-30,5,2,3,1,2
Access,United States,DYCOM INDUSTRIES,NORTH AMERICA,2025-04-28,8,2,6,6,0
Technical Infrastructure,Singapore,NIPPON TELEGRAPH AND TELEPHONE CORPORATION,APAC,2025-05-02,3,3,0,0,0
REWS,India,SODEXO,APAC,2025-05-02,3,3,0,0,0
REWS,United States,GARDA WORLD SECURITY CORPORATION,NORTH AMERICA,2025-04-28,3,1,2,0,2
gCS,India,TELEDIRECT PTE LTD,APAC,2025-04-28,5,3,2,1,1
Waymo,India,WIPRO LIMITED,APAC,2025-04-30,6,1,5,5,0
Platforms + Ecosystems,India,MARKETSTAR CORPORATION,APAC,2025-05-02,4,1,3,3,0
Waymo,India,WIPRO LIMITED,APAC,2025-04-28,5,6,0,0,0
Cloud,India,OPTIMUM INFOSYSTEMS PVT. LTD.,APAC,2025-05-02,5,3,2,0,2
Technical Infrastructure,null,J E DUNN CONSTRUCTION COMPANY,NORTH AMERICA,2025-05-02,3,3,0,0,0
gTech,Poland,TELEPERFORMANCE SE,EMEA,2025-04-28,3,3,0,0,0
T&S,Philippines,ACCENTURE PLC,APAC,2025-04-29,4,1,3,0,3
Cloud,United States,HCL TECHNOLOGIES LTD,NORTH AMERICA,2025-05-01,6,3,3,2,1
Corp Eng,India,VIRTUSA CORPORATION,APAC,2025-04-28,6,2,4,0,4
Cloud,Philippines,HCL TECHNOLOGIES LTD,APAC,2025-05-02,12,2,10,0,10
POps,India,RANDSTAD NV,APAC,2025-05-02,7,1,6,0,6
Cloud,United States,GLOBALLOGIC INC,NORTH AMERICA,2025-04-29,11,1,10,10,0
Access,United States,"MAGNIT, LLC",NORTH AMERICA,2025-04-28,5,2,3,0,3
gTech,Poland,TELEPERFORMANCE SE,EMEA,2025-04-28,3,3,0,0,0
POps,United States,GALAXY US OPCO INC. DBA VIALTO PARTNERS,NORTH AMERICA,2025-04-29,14,1,13,0,13
YouTube,United States,TELEPERFORMANCE SE,NORTH AMERICA,2025-04-30,5,3,2,2,0
Technical Infrastructure,null,CERTIFIED MAINTENANCE SERVICE INC.,NORTH AMERICA,2025-05-01,3,3,0,0,0
T&S,Philippines,ACCENTURE PLC,APAC,2025-04-29,10,3,7,4,3
Technical Infrastructure,United States,GXO LOGISTICS WORLDWIDE LLC,NORTH AMERICA,2025-04-30,6,3,3,0,3
Cloud,United States,CARAHSOFT TECHNOLOGY CORP,NORTH AMERICA,2025-05-02,3,3,0,0,0
Technical Infrastructure,United States,"ROONEY HOLDINGS, INC.",NORTH AMERICA,2025-05-01,3,3,0,0,0
gTech,India,TELEPERFORMANCE SE,APAC,2025-04-29,6,4,2,2,0
REWS,United States,ELECTROSONIC LIMITED,NORTH AMERICA,2025-04-29,4,4,0,0,0
Technical Infrastructure,United States,DIRECT LINE GLOBAL LLC,NORTH AMERICA,2025-04-29,2,2,0,0,0
Technical Infrastructure,United States,"HOLDER CONSTRUCTION GROUP, LLC",NORTH AMERICA,2025-04-29,3,3,0,0,0
Waymo,India,WIPRO LIMITED,APAC,2025-04-30,6,1,5,5,0
gTech,India,COGNIZANT TECHNOLOGY SOLUTIONS CORPORATION,APAC,2025-04-30,5,3,2,2,0
Geo,India,COGNIZANT TECHNOLOGY SOLUTIONS CORPORATION,APAC,2025-05-01,5,4,1,0,1
T&S,India,WIPRO LIMITED,APAC,2025-04-28,7,1,6,6,0
Cloud,India,COGNIZANT TECHNOLOGY SOLUTIONS CORPORATION,APAC,2025-05-02,6,3,3,3,0
GBO (w/o gTech & gCS),United States,TIER1 IMPACT PBC INC DBA TIER1 PERFORMANCE,NORTH AMERICA,2025-04-29,8,3,5,5,0
gCS,India,TELEDIRECT PTE LTD,APAC,2025-05-02,4,3,1,1,0
REWS,India,JONES LANG LASALLE INC,APAC,2025-05-02,3,3,0,0,0
Technical Infrastructure,United States,GXO LOGISTICS WORLDWIDE LLC,NORTH AMERICA,2025-05-02,7,3,4,0,4
Technical Infrastructure,United States,"ROONEY HOLDINGS, INC.",NORTH AMERICA,2025-04-28,2,2,0,0,0
Cloud,Bulgaria,TELUS,EMEA,2025-05-02,5,3,2,2,0
Cloud,Philippines,ACCENTURE PLC,APAC,2025-04-29,6,2,4,4,0
Cloud,India,EPAM SYSTEMS INC,APAC,2025-05-02,3,3,0,0,0
REWS,India,JONES LANG LASALLE INC,APAC,2025-05-02,3,3,0,0,0
Technical Infrastructure,null,"HOLDER CONSTRUCTION GROUP, LLC",NORTH AMERICA,2025-04-28,3,3,0,0,0
REWS,United States,ELECTROSONIC LIMITED,NORTH AMERICA,2025-04-28,3,3,0,0,0
REWS,India,JAGUAR SECURITY SERVICES PVT. LTD.,APAC,2025-04-28,4,3,1,1,0
T&S,Philippines,ACCENTURE PLC,APAC,2025-05-01,4,3,1,0,1
Ads & Commerce,Poland,TELUS,EMEA,2025-05-02,6,3,3,2,1
gTech,Colombia,CONCENTRIX,LATAM,2025-04-30,3,2,1,0,1
Platforms + Ecosystems,Philippines,ACCENTURE PLC,APAC,2025-05-02,4,3,1,0,1
REWS,India,JAGUAR SECURITY SERVICES PVT. LTD.,APAC,2025-04-29,5,5,0,0,0
Technical Infrastructure,United States,SCHENKER,NORTH AMERICA,2025-04-28,5,3,2,0,2
gTech,Poland,TELEPERFORMANCE SE,EMEA,2025-04-28,3,3,0,0,0
Waymo,United States,AMERIT FLEET SOLUTIONS INC.,NORTH AMERICA,2025-04-28,2,1,1,0,1
Technical Infrastructure,United States,"ROONEY HOLDINGS, INC.",NORTH AMERICA,2025-04-29,3,3,0,0,0
T&S,India,WIPRO LIMITED,APAC,2025-04-29,5,1,4,0,4
Cloud,Mexico,TATA GROUP,LATAM,2025-04-28,4,2,2,2,0
Devices & Services,United States,ACCENTURE PLC,NORTH AMERICA,2025-04-28,7,3,4,2,2
REWS,United States,JONES LANG LASALLE INC,NORTH AMERICA,2025-04-29,4,4,0,0,0
T&S,India,WIPRO LIMITED,APAC,2025-05-02,4,3,1,0,1
Technical Infrastructure,null,ERICSSON INC,APAC,2025-04-29,3,3,0,0,0
REWS,India,COMPASS GROUP PLC,APAC,2025-05-01,3,3,0,0,0
Global Affairs (w/o T&S),United States,EQUIPMEDIA LTD,NORTH AMERICA,2025-04-30,17,3,14,13,1
gCS,Brazil,TTEC HOLDINGS INC,LATAM,2025-04-28,4,2,2,1,1
Technical Infrastructure,United Kingdom,ARCADIS NV,EMEA,2025-04-29,4,1,3,2,1
gTech,India,HCL TECHNOLOGIES LTD,APAC,2025-04-30,7,2,5,5,0
REWS,India,JONES LANG LASALLE INC,APAC,2025-05-02,3,3,0,0,0
gTech,Poland,TELEPERFORMANCE SE,EMEA,2025-04-28,3,3,0,0,0
Technical Infrastructure,India,INDIGO TELECOM GROUP LTD,APAC,2025-04-29,1,1,0,0,0
Waymo,India,WIPRO LIMITED,APAC,2025-04-30,2,3,0,0,0
Technical Infrastructure,United States,GARDA WORLD SECURITY CORPORATION,NORTH AMERICA,2025-04-28,4,4,0,0,0
Geo,India,COGNIZANT TECHNOLOGY SOLUTIONS CORPORATION,APAC,2025-04-28,3,2,1,1,0
REWS,United States,JONES LANG LASALLE INC,NORTH AMERICA,2025-05-01,5,2,3,0,3
T&S,Philippines,ACCENTURE PLC,APAC,2025-04-30,11,3,8,0,8
Waymo,India,WIPRO LIMITED,APAC,2025-04-30,2,1,1,1,0
T&S,Portugal,ACCENTURE PLC,EMEA,2025-04-30,11,1,10,0,10
T&S,Philippines,ACCENTURE PLC,APAC,2025-05-02,7,2,5,0,5
T&S,India,WIPRO LIMITED,APAC,2025-05-01,4,3,1,0,1
Technical Infrastructure,null,"ROONEY HOLDINGS, INC.",NORTH AMERICA,2025-05-01,3,3,0,0,0
YouTube,United States,ZENITH TALENT CORPORATION,NORTH AMERICA,2025-05-02,6,3,3,0,3
Technical Infrastructure,null,SISTEMAS CONTRA INCENDIOS EUROCOMERCIAL LTDA,LATAM,2025-04-28,3,3,0,0,0
Waymo,United States,TRANSDEV,NORTH AMERICA,2025-05-02,8,4,4,0,4
YouTube,India,ACCENTURE PLC,APAC,2025-05-02,6,2,4,0,4
gTech,Poland,TELEPERFORMANCE SE,EMEA,2025-04-28,3,3,0,0,0
Technical Infrastructure,United States,"HOLDER CONSTRUCTION GROUP, LLC",NORTH AMERICA,2025-04-30,2,2,0,0,0
Technical Infrastructure,United States,ALLIED UNIVERSAL,NORTH AMERICA,2025-04-28,4,2,2,0,2
T&S,India,WIPRO LIMITED,APAC,2025-05-01,4,3,1,0,1
Waymo,United States,UBER TECHNOLOGIES INC,NORTH AMERICA,2025-04-28,7,5,2,2,0
DeepMind,United Kingdom,HARVEY NASH PLC,EMEA,2025-05-01,7,2,5,3,2
Technical Infrastructure,Netherlands,SCHENKER,EMEA,2025-05-01,4,3,1,1,0
Waymo,United States,AUTONATION,NORTH AMERICA,2025-04-28,3,2,1,1,0
gTech,Mexico,QUALITEST,LATAM,2025-04-28,5,3,2,0,2
Platforms + Ecosystems,United States,TATA GROUP,NORTH AMERICA,2025-04-28,15,2,13,0,13
YouTube,India,ACCENTURE PLC,APAC,2025-04-29,5,3,2,2,0
gCS,China,ACCENTURE PLC,APAC,2025-04-30,6,1,5,3,2
T&S,India,WIPRO LIMITED,APAC,2025-05-01,4,3,1,0,1
Technical Infrastructure,Netherlands,SYNCREON GLOBAL HOLDINGS LIMITED,EMEA,2025-04-29,5,3,2,1,1
Access,United States,ONUG SOLUTIONS LLC,NORTH AMERICA,2025-04-28,4,2,2,1,1
Geo,India,WIPRO LIMITED,APAC,2025-04-29,3,3,0,0,0
Technical Infrastructure,null,SISTEMAS CONTRA INCENDIOS EUROCOMERCIAL LTDA,LATAM,2025-04-28,3,3,0,0,0
Waymo,United States,TRANSDEV,NORTH AMERICA,2025-04-30,10,3,7,7,0
gTech,India,TELEPERFORMANCE SE,APAC,2025-04-29,1,1,0,0,0
YouTube,India,GENPACT LIMITED,APAC,2025-04-28,3,2,1,1,0
Search,null,"TASKUS, INC.",APAC,2025-05-02,3,3,0,0,0
Technical Infrastructure,United States,M A MORTENSON COMPANY,NORTH AMERICA,2025-05-01,14,2,12,1,11
YouTube,India,GENPACT LIMITED,APAC,2025-04-28,3,2,1,1,0
Access,United States,DYCOM INDUSTRIES,NORTH AMERICA,2025-04-30,10,4,6,0,6
Geo,India,ACCENTURE PLC,APAC,2025-04-28,5,2,3,2,1
Geo,India,WIPRO LIMITED,APAC,2025-04-28,2,2,0,0,0
REWS,null,PROPARK AMERICA WEST LLC,NORTH AMERICA,2025-04-29,3,3,0,0,0
Technical Infrastructure,United States,"HOLDER CONSTRUCTION GROUP, LLC",NORTH AMERICA,2025-05-02,3,3,0,0,0
Waymo,United States,ABM INDUSTRIES INCORPORATED,NORTH AMERICA,2025-04-29,3,3,0,0,0
Cloud,United States,UJET INC,NORTH AMERICA,2025-04-29,2,2,0,0,0
Geo,null,PWC,NORTH AMERICA,2025-05-02,3,3,0,0,0
gTech,Poland,TELEPERFORMANCE SE,EMEA,2025-04-28,3,3,0,0,0
POps,India,RANDSTAD NV,APAC,2025-05-02,7,2,5,1,4
T&S,Philippines,ACCENTURE PLC,APAC,2025-04-28,3,3,0,0,0
REWS,null,SODEXO,APAC,2025-05-02,3,3,0,0,0
Geo,India,TECH MAHINDRA LIMITED,APAC,2025-04-30,4,3,1,1,0
Cloud,Philippines,ACCENTURE PLC,APAC,2025-05-01,5,4,1,0,1
Cloud,United States,TELOS CORPORATION,NORTH AMERICA,2025-04-28,4,2,2,0,2
T&S,India,WIPRO LIMITED,APAC,2025-04-30,5,2,3,1,2
REWS,India,JONES LANG LASALLE INC,APAC,2025-05-02,3,3,0,0,0
Technical Infrastructure,United States,"HOLDER CONSTRUCTION GROUP, LLC",NORTH AMERICA,2025-05-02,3,3,0,0,0
gTech,Poland,TELEPERFORMANCE SE,EMEA,2025-04-28,3,3,0,0,0
POps,India,ACCENTURE PLC,APAC,2025-04-30,3,3,0,0,0
Access,United States,DYCOM INDUSTRIES,NORTH AMERICA,2025-04-29,11,2,9,0,9
Ads & Commerce,Poland,TELUS,EMEA,2025-04-29,3,2,1,0,1
Cloud,India,BRISTLECONE INC.,APAC,2025-04-28,9,1,8,0,8
Technical Infrastructure,United States,CHURCHILL COST CONSULTANTS LLC,NORTH AMERICA,2025-05-02,3,3,0,0,0
REWS,India,JONES LANG LASALLE INC,APAC,2025-05-02,3,3,0,0,0
Technical Infrastructure,Ireland,ARCADIS NV,EMEA,2025-04-29,3,3,0,0,0
Technical Infrastructure,United States,"ROONEY HOLDINGS, INC.",NORTH AMERICA,2025-05-01,3,3,0,0,0
Technical Infrastructure,United States,"HOLDER CONSTRUCTION GROUP, LLC",NORTH AMERICA,2025-04-30,2,2,0,0,0
Technical Infrastructure,Netherlands,SCHENKER,EMEA,2025-05-02,3,3,0,0,0
YouTube,India,CONCENTRIX,APAC,2025-04-30,2,3,0,0,0
gCS,India,ACCENTURE PLC,APAC,2025-04-30,6,3,3,3,0
REWS,Canada,FLUXON APPS LLC,NORTH AMERICA,2025-05-01,11,2,9,7,2
REWS,United States,JONES LANG LASALLE INC,NORTH AMERICA,2025-04-29,4,2,2,2,0
gCS,India,ACCENTURE PLC,APAC,2025-04-28,13,1,12,2,10
gTech,Mexico,QUALITEST,LATAM,2025-04-28,5,3,2,0,2
REWS,United States,"INTER-CON SECURITY SYSTEMS, INC.",NORTH AMERICA,2025-05-01,5,1,4,2,2
Waymo,United States,AMERIT FLEET SOLUTIONS INC.,NORTH AMERICA,2025-04-29,3,2,1,1,0
Technical Infrastructure,Chile,SISTEMAS CONTRA INCENDIOS EUROCOMERCIAL LTDA,LATAM,2025-04-28,3,3,0,0,0
Geo,India,WIPRO LIMITED,APAC,2025-04-28,2,2,0,0,0
Waymo,India,WIPRO LIMITED,APAC,2025-04-30,6,1,5,5,0
Waymo,United States,TRANSDEV,NORTH AMERICA,2025-05-01,7,2,5,2,3
Cloud,United States,MARKETSTAR CORPORATION,NORTH AMERICA,2025-04-28,3,2,1,0,1
gTech,Poland,TELEPERFORMANCE SE,EMEA,2025-04-28,3,3,0,0,0
REWS,United States,"INTER-CON SECURITY SYSTEMS, INC.",NORTH AMERICA,2025-04-29,3,3,0,0,0
Technical Infrastructure,United States,SCHENKER,NORTH AMERICA,2025-04-29,5,1,4,0,4
gCS,Brazil,ATENTO S.A.,LATAM,2025-04-29,3,3,0,0,0
T&S,India,WIPRO LIMITED,APAC,2025-04-28,4,1,3,1,2
gTech,Poland,TELEPERFORMANCE SE,EMEA,2025-04-29,4,4,0,0,0
Waymo,India,WIPRO LIMITED,APAC,2025-05-01,3,2,1,1,0
POps,Poland,RANDSTAD NV,EMEA,2025-04-28,9,2,7,3,4
Technical Infrastructure,United States,GARDA WORLD SECURITY CORPORATION,NORTH AMERICA,2025-04-30,2,1,1,1,0
gCS,Brazil,ATENTO S.A.,LATAM,2025-04-29,3,3,0,0,0
Corp Eng,India,HCL TECHNOLOGIES LTD,APAC,2025-04-29,2,2,0,0,0
Devices & Services,India,MIRAFRA SOFTWARE TECHNOLOGIES PVT. LTD.,APAC,2025-04-29,4,3,1,0,1
REWS,null,YARZIN SELLA MANAGEMENT AND HOLDINGS,EMEA,2025-05-02,3,3,0,0,0
Devices & Services,India,TECH MAHINDRA LIMITED,APAC,2025-04-29,10,3,7,0,7
REWS,United States,JONES LANG LASALLE INC,NORTH AMERICA,2025-04-29,2,2,0,0,0
Technical Infrastructure,United States,MILLER ELECTRIC COMPANY INC,NORTH AMERICA,2025-05-01,3,3,0,0,0
gTech,India,GENPACT LIMITED,APAC,2025-04-29,4,3,1,1,0
T&S,India,WIPRO LIMITED,APAC,2025-05-02,3,3,0,0,0
Finance,India,ACCENTURE PLC,APAC,2025-04-30,4,2,2,0,2
X,United States,RANDSTAD NV,NORTH AMERICA,2025-04-30,23,3,20,20,0
gTech,Poland,TELEPERFORMANCE SE,EMEA,2025-04-28,3,3,0,0,0
Cloud,El Salvador,TELUS,LATAM,2025-05-02,4,3,1,1,0
Waymo,United States,TRANSDEV,NORTH AMERICA,2025-05-02,8,2,6,2,4
Technical Infrastructure,United States,SYNCREON GLOBAL HOLDINGS LIMITED,NORTH AMERICA,2025-04-29,6,2,4,3,1
gTech,Colombia,CONCENTRIX,LATAM,2025-05-01,3,3,0,0,0
Access,Poland,EPAM SYSTEMS INC,EMEA,2025-04-28,3,2,1,0,1
Cloud,Philippines,HCL TECHNOLOGIES LTD,APAC,2025-05-01,4,2,2,0,2
Platforms + Ecosystems,United States,WIPRO LIMITED,NORTH AMERICA,2025-04-30,3,3,0,0,0
T&S,Ireland,ACCENTURE PLC,EMEA,2025-04-29,5,2,3,0,3
Cloud,El Salvador,TELUS,LATAM,2025-04-30,2,2,0,0,0
Waymo,United States,METRO ONE LOSS PREVENTION SERVICES GROUP (GUARD DIVISION) INC,NORTH AMERICA,2025-04-30,14,3,11,10,1
Technical Infrastructure,null,INDIGO TELECOM GROUP LTD,LATAM,2025-05-01,3,3,0,0,0
T&S,India,WIPRO LIMITED,APAC,2025-04-29,5,2,3,2,1
REWS,United States,GARDA WORLD SECURITY CORPORATION,NORTH AMERICA,2025-05-02,8,2,6,5,1
POps,India,ACCENTURE PLC,APAC,2025-04-30,11,1,10,4,6
Technical Infrastructure,United States,ALLIED UNIVERSAL,NORTH AMERICA,2025-05-02,3,3,0,0,0
Cloud,India,HCL TECHNOLOGIES LTD,APAC,2025-05-02,3,3,0,0,0
gTech,India,HCL TECHNOLOGIES LTD,APAC,2025-04-28,5,3,2,0,2
Technical Infrastructure,Finland,FIBER HIGHWAY FINLAND OY,EMEA,2025-04-29,3,3,0,0,0
Wing,United States,TALENTFUL LIMITED,NORTH AMERICA,2025-04-28,4,1,3,1,2
Technical Infrastructure,United States,GXO LOGISTICS WORLDWIDE LLC,NORTH AMERICA,2025-05-02,3,3,0,0,0
Cloud,United States,GLOBALLOGIC INC,NORTH AMERICA,2025-04-28,3,3,0,0,0
Devices & Services,India,WIPRO LIMITED,APAC,2025-04-28,5,3,2,0,2
Global Affairs (w/o T&S),Brazil,"LEE, BROCK, CAMARGO ADVOGADOS",LATAM,2025-04-30,5,2,3,3,0
gTech,Portugal,MAJOREL GLOBAL,EMEA,2025-04-30,7,2,5,5,0
Technical Infrastructure,United States,AMENTUM COMMERCIAL OPERATIONS INC,NORTH AMERICA,2025-04-30,2,2,0,0,0
Waymo,India,WIPRO LIMITED,APAC,2025-04-30,2,2,0,0,0
T&S,India,WIPRO LIMITED,APAC,2025-04-30,5,2,3,0,3
REWS,United States,ELECTROSONIC LIMITED,NORTH AMERICA,2025-04-28,3,3,0,0,0
T&S,India,WIPRO LIMITED,APAC,2025-04-30,3,1,2,0,2
REWS,United States,COMPASS GROUP PLC,NORTH AMERICA,2025-04-30,2,2,0,0,0
Technical Infrastructure,null,"ROONEY HOLDINGS, INC.",NORTH AMERICA,2025-05-02,3,3,0,0,0
Waymo,India,COGNIZANT TECHNOLOGY SOLUTIONS CORPORATION,APAC,2025-05-01,3,2,1,0,1
Ads & Commerce,India,"APPLAUSE APP QUALITY, INC",APAC,2025-04-28,5,4,1,1,0
Geo,India,COGNIZANT TECHNOLOGY SOLUTIONS CORPORATION,APAC,2025-05-01,5,3,2,2,0
Waymo,United States,"TASKUS, INC.",NORTH AMERICA,2025-05-02,3,3,0,0,0
Health,United States,"MEDAMERICA CONSULTING EMPLOYEES, INC.",NORTH AMERICA,2025-05-02,6,3,3,2,1
Devices & Services,India,TECH MAHINDRA LIMITED,APAC,2025-04-29,11,2,9,8,1
Technical Infrastructure,India,ERICSSON INC,APAC,2025-04-29,2,2,0,0,0
gCS,Philippines,CONCENTRIX,APAC,2025-04-30,2,2,0,0,0
Technical Infrastructure,United States,A.G. KUNZ LLC,NORTH AMERICA,2025-04-30,5,2,3,0,3
Technical Infrastructure,United States,SCHENKER,NORTH AMERICA,2025-04-29,1,1,0,0,0
Cloud,null,EPAM SYSTEMS INC,EMEA,2025-05-01,3,3,0,0,0
Technical Infrastructure,United States,"HOLDER CONSTRUCTION GROUP, LLC",NORTH AMERICA,2025-05-02,3,3,0,0,0
YouTube,Ireland,ACCENTURE PLC,EMEA,2025-04-28,3,2,1,0,1
gTech,India,TELEPERFORMANCE SE,APAC,2025-04-28,3,3,0,0,0
Cloud,United States,BRILLIANT MUSE LLC,NORTH AMERICA,2025-04-28,5,3,2,2,0
POps,South Korea,DELOITTE,APAC,2025-04-29,3,3,0,0,0
gTech,India,COGNIZANT TECHNOLOGY SOLUTIONS CORPORATION,APAC,2025-05-02,3,3,0,0,0
REWS,India,JAGUAR SECURITY SERVICES PVT. LTD.,APAC,2025-04-28,4,3,1,1,0
REWS,United States,COMPASS GROUP PLC,NORTH AMERICA,2025-04-29,6,3,3,2,1
REWS,United States,JONES LANG LASALLE INC,NORTH AMERICA,2025-05-02,7,3,4,2,2
gTech,United States,VACO,NORTH AMERICA,2025-05-02,7,3,4,2,2
REWS,null,JONES LANG LASALLE INC,APAC,2025-05-02,3,3,0,0,0
T&S,Portugal,ACCENTURE PLC,EMEA,2025-04-28,3,2,1,0,1
Google.org,United States,"TECHNOLOGY RESOURCE SOLUTIONS, INC. D/B/A SYNERGIS (VENDOR)",NORTH AMERICA,2025-04-30,6,3,3,1,2
Technical Infrastructure,United States,ANCHORBUOY LIMITED,NORTH AMERICA,2025-04-30,2,2,0,0,0
gCS,Philippines,CONCENTRIX,APAC,2025-04-30,2,2,0,0,0
Waymo,India,WIPRO LIMITED,APAC,2025-05-01,3,3,0,0,0
YouTube,Malaysia,ACCENTURE PLC,APAC,2025-04-28,3,2,1,1,0
T&S,India,WIPRO LIMITED,APAC,2025-04-30,5,1,4,0,4
Waymo,United States,TRANSDEV,NORTH AMERICA,2025-05-01,7,3,4,1,3
POps,India,ACCENTURE PLC,APAC,2025-05-02,6,2,4,4,0
REWS,Israel,YARZIN SELLA MANAGEMENT AND HOLDINGS,EMEA,2025-05-02,3,3,0,0,0
T&S,Philippines,ACCENTURE PLC,APAC,2025-04-29,4,1,3,2,1
T&S,India,WIPRO LIMITED,APAC,2025-05-02,4,1,3,0,3
T&S,India,WIPRO LIMITED,APAC,2025-04-28,4,2,2,0,2
Cloud,El Salvador,TELUS,LATAM,2025-05-02,4,3,1,1,0
Devices & Services,United States,DELOITTE,NORTH AMERICA,2025-04-30,11,3,8,2,6
T&S,India,WIPRO LIMITED,APAC,2025-05-01,4,3,1,0,1
REWS,India,SODEXO,APAC,2025-05-02,3,3,0,0,0
Technical Infrastructure,United States,ALLIED UNIVERSAL,NORTH AMERICA,2025-05-02,3,3,0,0,0
T&S,Portugal,ACCENTURE PLC,EMEA,2025-04-30,11,1,10,1,9
REWS,null,COMPASS GROUP PLC,APAC,2025-04-28,3,3,0,0,0
gCS,India,WNS (HOLDINGS) LIMITED,APAC,2025-04-28,5,3,2,2,0
Devices & Services,India,HCL TECHNOLOGIES LTD,APAC,2025-04-30,2,3,0,0,0
Technical Infrastructure,United States,COMPLETE CLEANING SERVICES LLC.,NORTH AMERICA,2025-04-29,3,3,0,0,0
REWS,null,SWINERTON BUILDERS INC,NORTH AMERICA,2025-04-29,3,3,0,0,0
Technical Infrastructure,null,SCHENKER,NORTH AMERICA,2025-04-28,3,3,0,0,0
T&S,Costa Rica,TELEPERFORMANCE SE,LATAM,2025-05-02,7,3,4,0,4
Devices & Services,United States,BAYONE SOLUTIONS INC.,NORTH AMERICA,2025-04-28,3,3,0,0,0
Technical Infrastructure,null,EXYTE GMBH,EMEA,2025-05-02,3,3,0,0,0
Technical Infrastructure,United States,SCHENKER,NORTH AMERICA,2025-04-28,4,3,1,0,1
Devices & Services,India,TECH MAHINDRA LIMITED,APAC,2025-04-28,9,1,8,8,0
Platforms + Ecosystems,United States,CIENET INTERNATIONAL LLC,NORTH AMERICA,2025-05-02,3,3,0,0,0
DeepMind,United Kingdom,JAGUAR BUILDING SERVICES LIMITED,EMEA,2025-05-02,3,3,0,0,0
T&S,India,COGNIZANT TECHNOLOGY SOLUTIONS CORPORATION,APAC,2025-04-28,5,2,3,0,3
gCS,Spain,TELEPERFORMANCE SE,EMEA,2025-04-29,5,3,2,2,0
Waymo,India,WIPRO LIMITED,APAC,2025-05-01,3,3,0,0,0
YouTube,India,CONCENTRIX,APAC,2025-04-30,3,2,1,0,1
Access,United States,ACCENTURE PLC,NORTH AMERICA,2025-05-02,4,2,2,0,2
Devices & Services,United States,QUEST GLOBAL SERVICES PTE. LTD.,NORTH AMERICA,2025-04-29,3,3,0,0,0
T&S,India,WIPRO LIMITED,APAC,2025-05-01,4,3,1,1,0
Waymo,United States,UBER TECHNOLOGIES INC,NORTH AMERICA,2025-04-30,2,2,0,0,0
Platforms + Ecosystems,India,HCL TECHNOLOGIES LTD,APAC,2025-04-30,5,4,1,0,1
Ads & Commerce,United States,"AKRAYA, INC",NORTH AMERICA,2025-04-30,5,2,3,0,3
Technical Infrastructure,United States,"HOLDER CONSTRUCTION GROUP, LLC",NORTH AMERICA,2025-04-29,1,1,0,0,0
Cloud,Bulgaria,TELUS,EMEA,2025-04-30,2,1,1,1,0
POps,India,RANDSTAD NV,APAC,2025-04-30,5,4,1,0,1
T&S,India,WIPRO LIMITED,APAC,2025-04-29,5,2,3,0,3
X,South Korea,AVENGA INTERNATIONAL GMBH,APAC,2025-04-29,4,3,1,0,1
Corp Eng,India,HCL TECHNOLOGIES LTD,APAC,2025-04-29,2,1,1,0,1
REWS,United States,LUX BUS AMERICA CO,NORTH AMERICA,2025-04-28,3,3,0,0,0
Finance,United States,DELOITTE,NORTH AMERICA,2025-04-29,2,2,0,0,0
YouTube,India,ACCENTURE PLC,APAC,2025-05-02,6,2,4,0,4
T&S,Philippines,ACCENTURE PLC,APAC,2025-05-02,3,3,0,0,0
T&S,India,WIPRO LIMITED,APAC,2025-04-30,5,5,0,0,0
Technical Infrastructure,United States,SCHENKER,NORTH AMERICA,2025-05-02,3,3,0,0,0
Cloud,El Salvador,SERVICESOURCE INTERNATIONAL INC,LATAM,2025-04-29,3,3,0,0,0
POps,China,ACCENTURE PLC,APAC,2025-04-28,19,1,18,18,0
Technical Infrastructure,United States,SCHENKER,NORTH AMERICA,2025-04-28,4,2,2,1,1
T&S,Philippines,ACCENTURE PLC,APAC,2025-05-02,3,3,0,0,0
Technical Infrastructure,United States,"HOLDER CONSTRUCTION GROUP, LLC",NORTH AMERICA,2025-05-01,3,3,0,0,0
Geo,India,WIPRO LIMITED,APAC,2025-04-28,2,2,0,0,0
Cloud,Japan,EPAM SYSTEMS INC,APAC,2025-04-30,4,4,0,0,0
T&S,India,WIPRO LIMITED,APAC,2025-05-02,3,3,0,0,0
T&S,India,WIPRO LIMITED,APAC,2025-04-30,5,1,4,0,4
Technical Infrastructure,United States,GXO LOGISTICS WORLDWIDE LLC,NORTH AMERICA,2025-04-29,5,3,2,1,1
Access,United States,"PROJECT RESOURCES GROUP, INC.",NORTH AMERICA,2025-05-02,9,3,6,0,6
REWS,United States,ANIXTER INC,NORTH AMERICA,2025-04-30,10,2,8,0,8
T&S,India,WIPRO LIMITED,APAC,2025-04-30,5,2,3,1,2
Technical Infrastructure,United States,GARDA WORLD SECURITY CORPORATION,NORTH AMERICA,2025-04-30,2,2,0,0,0
T&S,Philippines,ACCENTURE PLC,APAC,2025-04-29,10,3,7,0,7
gTech,null,TELEPERFORMANCE SE,EMEA,2025-04-28,3,3,0,0,0
Platforms + Ecosystems,Philippines,ACCENTURE PLC,APAC,2025-05-02,3,3,0,0,0
gTech,India,COGNIZANT TECHNOLOGY SOLUTIONS CORPORATION,APAC,2025-05-01,3,3,0,0,0
REWS,India,JONES LANG LASALLE INC,APAC,2025-05-02,3,3,0,0,0
POps,India,RANDSTAD NV,APAC,2025-04-28,12,2,10,3,7
T&S,India,COGNIZANT TECHNOLOGY SOLUTIONS CORPORATION,APAC,2025-04-28,5,2,3,0,3
Platforms + Ecosystems,Philippines,ACCENTURE PLC,APAC,2025-04-30,5,4,1,1,0
Technical Infrastructure,United States,J E DUNN CONSTRUCTION COMPANY,NORTH AMERICA,2025-04-30,3,3,0,0,0
Technical Infrastructure,United States,ALLIED UNIVERSAL,NORTH AMERICA,2025-04-28,4,2,2,1,1
Technical Infrastructure,United States,"T5 DCMC, LLC",NORTH AMERICA,2025-05-02,4,3,1,1,0
gTech,India,TELEPERFORMANCE SE,APAC,2025-04-28,3,3,0,0,0
Geo,India,COGNIZANT TECHNOLOGY SOLUTIONS CORPORATION,APAC,2025-04-28,3,2,1,0,1
REWS,null,COMPASS GROUP PLC,EMEA,2025-04-29,3,3,0,0,0
T&S,India,WIPRO LIMITED,APAC,2025-04-30,5,2,3,1,2
Corp Eng,India,MOVATE TECHNOLOGIES PRIVATE LIMITED,APAC,2025-04-30,5,2,3,0,3
Technical Infrastructure,null,"HOLDER CONSTRUCTION GROUP, LLC",NORTH AMERICA,2025-05-01,3,3,0,0,0
gTech,Greece,TELEPERFORMANCE SE,EMEA,2025-05-01,3,2,1,0,1
Search,India,GLOBALLOGIC INC,APAC,2025-05-02,3,3,0,0,0
Waymo,India,COGNIZANT TECHNOLOGY SOLUTIONS CORPORATION,APAC,2025-04-30,2,2,0,0,0
REWS,United States,JONES LANG LASALLE INC,NORTH AMERICA,2025-04-28,1,1,0,0,0
REWS,India,JONES LANG LASALLE INC,APAC,2025-05-02,3,3,0,0,0
REWS,Finland,CBRE GROUP INC,EMEA,2025-05-02,3,3,0,0,0
gTech,India,COGNIZANT TECHNOLOGY SOLUTIONS CORPORATION,APAC,2025-05-02,4,3,1,0,1
Waymo,India,WIPRO LIMITED,APAC,2025-05-01,3,2,1,0,1
Waymo,India,COGNIZANT TECHNOLOGY SOLUTIONS CORPORATION,APAC,2025-05-01,3,3,0,0,0
gCS,Canada,TELEPERFORMANCE SE,NORTH AMERICA,2025-04-29,4,3,1,1,0
POps,India,RANDSTAD NV,APAC,2025-04-28,12,2,10,4,6
Geo,India,ACCENTURE PLC,APAC,2025-05-01,17,1,16,0,16
REWS,India,G4S PLC,APAC,2025-05-01,3,3,0,0,0
Technical Infrastructure,United States,SCHENKER,NORTH AMERICA,2025-04-28,3,3,0,0,0
Technical Infrastructure,United States,GXO LOGISTICS WORLDWIDE LLC,NORTH AMERICA,2025-04-30,6,2,4,4,0
Technical Infrastructure,United States,GARDA WORLD SECURITY CORPORATION,NORTH AMERICA,2025-05-01,3,1,2,0,2
Waymo,United States,TRANSDEV,NORTH AMERICA,2025-05-01,7,3,4,2,2
YouTube,Philippines,TECH MAHINDRA LIMITED,APAC,2025-05-02,11,1,10,1,9
Technical Infrastructure,null,"HOLDER CONSTRUCTION GROUP, LLC",NORTH AMERICA,2025-05-02,3,3,0,0,0
gTech,United States,VACO,NORTH AMERICA,2025-04-29,4,4,0,0,0
Cloud,United States,MANTECH ADVANCED SYSTEMS INTERNATIONAL INC,NORTH AMERICA,2025-04-29,22,5,17,17,0
Technical Infrastructure,null,DIRECT LINE GLOBAL LLC,NORTH AMERICA,2025-04-28,3,3,0,0,0
Waymo,India,COGNIZANT TECHNOLOGY SOLUTIONS CORPORATION,APAC,2025-04-30,2,2,0,0,0
gCS,Brazil,TTEC HOLDINGS INC,LATAM,2025-05-02,4,3,1,1,0
Finance,India,IBM CORPORATION,APAC,2025-04-30,7,3,4,4,0
REWS,India,G4S PLC,APAC,2025-04-30,2,2,0,0,0
Waymo,United States,"TASKUS, INC.",NORTH AMERICA,2025-05-02,6,3,3,3,0
REWS,United States,SODEXO,NORTH AMERICA,2025-04-28,3,3,0,0,0
POps,India,RANDSTAD NV,APAC,2025-04-30,5,3,2,0,2
Core (w/o Corp Eng),United States,"MAGNIT, LLC",NORTH AMERICA,2025-05-01,5,4,1,0,1
Technical Infrastructure,United States,"HOLDER CONSTRUCTION GROUP, LLC",NORTH AMERICA,2025-04-29,3,3,0,0,0
Cloud,Philippines,ACCENTURE PLC,APAC,2025-04-29,4,2,2,2,0
Finance,India,IBM CORPORATION,APAC,2025-04-28,3,1,2,2,0
Technical Infrastructure,Thailand,JONES LANG LASALLE INC,APAC,2025-04-28,13,1,12,0,12
YouTube,India,GENPACT LIMITED,APAC,2025-04-28,3,2,1,0,1
Waymo,India,WIPRO LIMITED,APAC,2025-04-30,2,3,0,0,0
T&S,India,WIPRO LIMITED,APAC,2025-04-30,2,1,1,0,1
Access,United States,B ROBINSON INC,NORTH AMERICA,2025-05-01,6,2,4,4,0
REWS,United States,GARDA WORLD SECURITY CORPORATION,NORTH AMERICA,2025-04-29,5,3,2,0,2
REWS,United States,"CONCENTRIC GROUP, INC.",NORTH AMERICA,2025-04-30,5,3,2,1,1
REWS,India,SODEXO,APAC,2025-05-02,3,3,0,0,0
Technical Infrastructure,Netherlands,SECURITAS AB,EMEA,2025-04-28,4,1,3,3,0
T&S,Malaysia,ACCENTURE PLC,APAC,2025-04-29,3,2,1,0,1
Cloud,Poland,TTEC HOLDINGS INC,EMEA,2025-04-28,3,1,2,0,2
gTech,Colombia,CONCENTRIX,LATAM,2025-05-01,3,3,0,0,0
Technical Infrastructure,Finland,CBRE GROUP INC,EMEA,2025-05-01,4,4,0,0,0
Technical Infrastructure,null,INDIGO TELECOM GROUP LTD,LATAM,2025-05-01,3,3,0,0,0
Ads & Commerce,Philippines,ACCENTURE PLC,APAC,2025-04-30,9,1,8,6,2
Technical Infrastructure,null,C D MOODY CONSTRUCTION COMPANY INC,NORTH AMERICA,2025-04-28,3,3,0,0,0
REWS,United States,GARDA WORLD SECURITY CORPORATION,NORTH AMERICA,2025-05-01,10,6,4,0,4
Technical Infrastructure,null,AIDAN STRAIN ELECTRICAL ENGINEERING LIMITED,EMEA,2025-05-02,3,3,0,0,0
Technical Infrastructure,United States,SYNCREON GLOBAL HOLDINGS LIMITED,NORTH AMERICA,2025-04-29,3,3,0,0,0
Core (w/o Corp Eng),India,AD ASTRA STAFFING SOLUTIONS PVT. LTD.,APAC,2025-04-29,10,5,5,2,3
Cloud,El Salvador,TELUS,LATAM,2025-04-30,2,2,0,0,0
Technical Infrastructure,United States,GARDA WORLD SECURITY CORPORATION,NORTH AMERICA,2025-05-01,3,1,2,0,2
REWS,India,JONES LANG LASALLE INC,APAC,2025-05-02,3,3,0,0,0
T&S,India,WIPRO LIMITED,APAC,2025-04-30,3,1,2,0,2
Technical Infrastructure,null,J E DUNN CONSTRUCTION COMPANY,NORTH AMERICA,2025-05-02,3,3,0,0,0
REWS,United States,COMPASS GROUP PLC,NORTH AMERICA,2025-05-01,3,3,0,0,0
Technical Infrastructure,United States,GXO LOGISTICS WORLDWIDE LLC,NORTH AMERICA,2025-04-28,4,3,1,1,0
T&S,India,WIPRO LIMITED,APAC,2025-04-28,5,3,2,0,2
YouTube,Greece,TELEPERFORMANCE SE,EMEA,2025-04-30,2,2,0,0,0
T&S,India,WIPRO LIMITED,APAC,2025-04-28,5,1,4,3,1
Ads & Commerce,India,COGNIZANT TECHNOLOGY SOLUTIONS CORPORATION,APAC,2025-04-29,4,2,2,1,1
Cloud,Philippines,HCL TECHNOLOGIES LTD,APAC,2025-04-30,10,2,8,0,8
T&S,India,WIPRO LIMITED,APAC,2025-04-30,5,5,0,0,0
Search,India,GLOBALLOGIC INC,APAC,2025-05-02,3,3,0,0,0
Finance,United States,"RYAN, LLC.",NORTH AMERICA,2025-05-01,18,1,17,1,16
T&S,India,WIPRO LIMITED,APAC,2025-04-30,3,3,0,0,0
gTech,Philippines,TELUS,APAC,2025-04-28,6,1,5,5,0
T&S,India,WIPRO LIMITED,APAC,2025-04-30,3,1,2,0,2
Devices & Services,United States,"CADENCE DESIGN SYSTEMS, INC.",NORTH AMERICA,2025-05-01,7,4,3,1,2
Waymo,India,WIPRO LIMITED,APAC,2025-05-01,3,3,0,0,0
YouTube,Portugal,GENPACT LIMITED,EMEA,2025-04-30,7,2,5,1,4
Cloud,Spain,TELEPERFORMANCE SE,EMEA,2025-04-28,3,3,0,0,0
T&S,India,COGNIZANT TECHNOLOGY SOLUTIONS CORPORATION,APAC,2025-04-28,5,1,4,0,4
Geo,India,WIPRO LIMITED,APAC,2025-04-28,2,2,0,0,0
Technical Infrastructure,United States,"HOLDER CONSTRUCTION GROUP, LLC",NORTH AMERICA,2025-04-30,2,2,0,0,0
Cloud,Romania,COGNIZANT TECHNOLOGY SOLUTIONS CORPORATION,EMEA,2025-04-30,4,2,2,2,0
Technical Infrastructure,United States,GXO LOGISTICS WORLDWIDE LLC,NORTH AMERICA,2025-04-29,5,2,3,3,0
Research,United States,"MAGNIT, LLC",NORTH AMERICA,2025-04-30,7,2,5,0,5
POps,India,ACCENTURE PLC,APAC,2025-04-30,4,2,2,2,0
Technical Infrastructure,United Kingdom,SYNERGY SECURITY SOLUTIONS LIMITED,EMEA,2025-04-29,3,2,1,0,1
Technical Infrastructure,null,CATHEXIS HOLDINGS LP,EMEA,2025-05-02,3,3,0,0,0
Cloud,United States,MEDIATEK INC,NORTH AMERICA,2025-04-29,18,3,15,14,1
gTech,India,TELEPERFORMANCE SE,APAC,2025-04-28,3,3,0,0,0
Ads & Commerce,India,"APPLAUSE APP QUALITY, INC",APAC,2025-04-28,5,5,0,0,0
gTech,India,COGNIZANT TECHNOLOGY SOLUTIONS CORPORATION,APAC,2025-05-01,3,3,0,0,0
YouTube,Romania,GENPACT LIMITED,EMEA,2025-04-29,5,4,1,0,1
YouTube,United States,"MAGNIT, LLC",NORTH AMERICA,2025-05-01,6,3,3,0,3
Core (w/o Corp Eng),Poland,INVISIBLE THINGS LAB GMBH,EMEA,2025-04-30,9,1,8,1,7
Corp Eng,Philippines,ASTREYA PARTNERS INC,APAC,2025-04-28,3,2,1,0,1
gTech,India,TELEPERFORMANCE SE,APAC,2025-04-28,5,3,2,2,0
YouTube,India,CONCENTRIX,APAC,2025-05-01,3,3,0,0,0
Technical Infrastructure,United States,"ROONEY HOLDINGS, INC.",NORTH AMERICA,2025-05-01,3,3,0,0,0
REWS,Philippines,JONES LANG LASALLE INC,APAC,2025-04-29,1,1,0,0,0
gTech,United States,"PINNACLE TECHNICAL RESOURCES, INC., D/B/A PTR GLOBAL, INC.",NORTH AMERICA,2025-05-01,13,5,8,8,0
Technical Infrastructure,United States,GXO LOGISTICS WORLDWIDE LLC,NORTH AMERICA,2025-04-30,6,3,3,2,1
YouTube,India,ACCENTURE PLC,APAC,2025-05-02,5,1,4,0,4
REWS,null,JONES LANG LASALLE INC,APAC,2025-05-02,3,3,0,0,0
Technical Infrastructure,United States,GARDA WORLD SECURITY CORPORATION,NORTH AMERICA,2025-05-02,4,2,2,0,2
Technical Infrastructure,United States,SCHENKER,NORTH AMERICA,2025-04-28,4,3,1,1,0
Cloud,Mexico,TATA GROUP,LATAM,2025-04-29,2,2,0,0,0
gTech,Poland,MAJOREL GLOBAL,EMEA,2025-04-29,5,1,4,1,3
Access,United States,"GARY D. NELSON ASSOCIATES, INC.",NORTH AMERICA,2025-04-28,9,3,6,6,0
gTech,null,TELEPERFORMANCE SE,EMEA,2025-04-28,3,3,0,0,0
Cloud,Mexico,HCL TECHNOLOGIES LTD,LATAM,2025-04-28,5,4,1,0,1
Ads & Commerce,United States,"MAGNIT, LLC",NORTH AMERICA,2025-05-01,11,2,9,1,8
Technical Infrastructure,null,"ROONEY HOLDINGS, INC.",NORTH AMERICA,2025-05-01,3,3,0,0,0
YouTube,India,ACCENTURE PLC,APAC,2025-05-02,6,2,4,0,4
Technical Infrastructure,Netherlands,SYNCREON GLOBAL HOLDINGS LIMITED,EMEA,2025-04-28,3,1,2,1,1
Geo,India,COGNIZANT TECHNOLOGY SOLUTIONS CORPORATION,APAC,2025-05-02,6,4,2,2,0
Technical Infrastructure,null,ALPHA SERVICES CORPORATION,NORTH AMERICA,2025-04-29,3,3,0,0,0
T&S,Malaysia,ACCENTURE PLC,APAC,2025-04-28,4,1,3,0,3
Cloud,United States,ONIX NETWORKING CORP.,NORTH AMERICA,2025-05-02,5,2,3,1,2
Waymo,India,WIPRO LIMITED,APAC,2025-04-30,2,2,0,0,0
Corp Eng,India,CHARCOALBLUE LLP,APAC,2025-04-28,8,4,4,3,1
T&S,India,WIPRO LIMITED,APAC,2025-04-30,5,2,3,1,2
YouTube,India,ACCENTURE PLC,APAC,2025-05-02,6,3,3,0,3
Global Affairs (w/o T&S),United States,"CONSILIO, INC",NORTH AMERICA,2025-04-29,8,2,6,0,6
Platforms + Ecosystems,Philippines,NCC GROUP,APAC,2025-05-02,4,3,1,1,0
REWS,Taiwan,"LIANG PIN DINING CO., LTD.",APAC,2025-05-02,3,3,0,0,0
Technical Infrastructure,Malaysia,SHIRLEY PARSONS PROFESSIONAL SERVICES LIMITED,APAC,2025-04-30,5,3,2,1,1
gCS,Brazil,ATENTO S.A.,LATAM,2025-04-29,3,2,1,1,0
REWS,United States,ARAMARK HOLDINGS CORPORATION,NORTH AMERICA,2025-05-01,3,3,0,0,0
Platforms + Ecosystems,India,ITTIAM SYSTEMS PVT LTD,APAC,2025-04-28,6,3,3,0,3
T&S,Philippines,ACCENTURE PLC,APAC,2025-05-02,3,3,0,0,0
Devices & Services,India,HCL TECHNOLOGIES LTD,APAC,2025-04-29,1,1,0,0,0
gTech,Colombia,CONCENTRIX,LATAM,2025-05-02,5,3,2,2,0
gCS,India,ACCENTURE PLC,APAC,2025-04-29,6,2,4,0,4
Waymo,United States,AUTONATION,NORTH AMERICA,2025-04-29,4,2,2,1,1
REWS,India,G4S PLC,APAC,2025-04-30,2,2,0,0,0
Ads & Commerce,India,GLOBALLOGIC INC,APAC,2025-04-29,1,1,0,0,0
REWS,United States,JAMESTOWN L.P.,NORTH AMERICA,2025-04-28,12,3,9,2,7
T&S,India,WIPRO LIMITED,APAC,2025-04-28,4,1,3,0,3
POps,Taiwan,DELOITTE,APAC,2025-04-29,3,3,0,0,0
Technical Infrastructure,United States,ALLIED UNIVERSAL,NORTH AMERICA,2025-05-02,3,3,0,0,0
POps,India,ACCENTURE PLC,APAC,2025-04-29,4,2,2,1,1
Devices & Services,Taiwan,TESSOLVE SEMICONDUCTOR PVT LTD,APAC,2025-04-28,3,3,0,0,0
Platforms + Ecosystems,United States,SCALENCE LLC,NORTH AMERICA,2025-04-30,5,2,3,2,1
T&S,Philippines,ACCENTURE PLC,APAC,2025-05-02,7,2,5,0,5
Technical Infrastructure,India,TRACE3 INC,APAC,2025-04-28,2,1,1,1,0
Technical Infrastructure,United States,SCHENKER,NORTH AMERICA,2025-04-28,3,3,0,0,0
DeepMind,United States,SCALE AI INC,NORTH AMERICA,2025-04-30,18,3,15,15,0
Geo,India,WIPRO LIMITED,APAC,2025-04-28,2,2,0,0,0
Platforms + Ecosystems,United States,ICONMA LLC,NORTH AMERICA,2025-05-02,5,1,4,2,2
gTech,Colombia,CONCENTRIX,LATAM,2025-04-29,2,2,0,0,0
Technical Infrastructure,United States,"HOLDER CONSTRUCTION GROUP, LLC",NORTH AMERICA,2025-05-01,3,3,0,0,0
Technical Infrastructure,null,J E DUNN CONSTRUCTION COMPANY,NORTH AMERICA,2025-04-30,3,3,0,0,0
Devices & Services,Taiwan,INFOSYS,APAC,2025-04-28,13,1,12,0,12
gTech,Poland,TELEPERFORMANCE SE,EMEA,2025-04-28,3,3,0,0,0
T&S,India,WIPRO LIMITED,APAC,2025-04-30,5,2,3,1,2
Technical Infrastructure,United States,ADECCO GROUP AG,NORTH AMERICA,2025-04-29,111,5,0,0,0
Devices & Services,United States,"CADENCE DESIGN SYSTEMS, INC.",NORTH AMERICA,2025-04-29,3,2,1,1,0
gCS,Brazil,TTEC HOLDINGS INC,LATAM,2025-04-28,5,4,1,0,1
gTech,India,COGNIZANT TECHNOLOGY SOLUTIONS CORPORATION,APAC,2025-05-01,3,3,0,0,0
Technical Infrastructure,United States,GARDA WORLD SECURITY CORPORATION,NORTH AMERICA,2025-04-30,2,1,1,1,0
REWS,United States,BODY TECHNIQUES LLC,NORTH AMERICA,2025-04-28,8,3,5,1,4
Technical Infrastructure,United States,GXO LOGISTICS WORLDWIDE LLC,NORTH AMERICA,2025-04-28,4,2,2,0,2
Technical Infrastructure,United States,GXO LOGISTICS WORLDWIDE LLC,NORTH AMERICA,2025-04-29,5,2,3,0,3
Technical Infrastructure,Netherlands,SYNCREON GLOBAL HOLDINGS LIMITED,EMEA,2025-04-30,6,3,3,3,0
Waymo,United States,TEZERAKT LLC,NORTH AMERICA,2025-05-01,5,3,2,0,2
Technical Infrastructure,United States,ADECCO GROUP AG,NORTH AMERICA,2025-04-30,15,3,12,12,0
Marketing,Mexico,FIREWOOD MARKETING INC.,LATAM,2025-04-30,12,2,10,0,10
T&S,Malaysia,ACCENTURE PLC,APAC,2025-04-29,2,1,1,0,1
Waymo,United States,AMERIT FLEET SOLUTIONS INC.,NORTH AMERICA,2025-04-29,2,2,0,0,0
Technical Infrastructure,United States,GXO LOGISTICS WORLDWIDE LLC,NORTH AMERICA,2025-04-28,4,2,2,1,1
Cloud,United States,ICONMA LLC,NORTH AMERICA,2025-05-01,9,7,2,2,0
Ads & Commerce,Poland,TELUS,EMEA,2025-04-30,4,3,1,0,1
gTech,India,COGNIZANT TECHNOLOGY SOLUTIONS CORPORATION,APAC,2025-04-29,3,3,0,0,0
Cloud,India,HCL TECHNOLOGIES LTD,APAC,2025-04-29,1,1,0,0,0
POps,India,KORN FERRY INTERNATIONAL,APAC,2025-05-01,5,2,3,2,1
YouTube,India,CONCENTRIX,APAC,2025-05-01,3,1,2,2,0
Technical Infrastructure,United States,GARDA WORLD SECURITY CORPORATION,NORTH AMERICA,2025-05-02,4,3,1,1,0
REWS,India,SODEXO,APAC,2025-05-02,3,3,0,0,0
Technical Infrastructure,Poland,EPAM SYSTEMS INC,EMEA,2025-05-02,3,3,0,0,0
Geo,India,ACCENTURE PLC,APAC,2025-05-02,6,2,4,0,4
T&S,India,WIPRO LIMITED,APAC,2025-05-01,4,3,1,0,1
Technical Infrastructure,United States,SCHENKER,NORTH AMERICA,2025-05-02,3,3,0,0,0
Platforms + Ecosystems,India,ITTIAM SYSTEMS PVT LTD,APAC,2025-04-28,6,3,3,0,3
Global Affairs (w/o T&S),India,ACCENTURE PLC,APAC,2025-04-30,5,2,3,3,0
YouTube,India,CONCENTRIX,APAC,2025-04-30,4,2,2,1,1
Corp Eng,Romania,CONCENTRIX,EMEA,2025-04-28,3,3,0,0,0
T&S,Portugal,ACCENTURE PLC,EMEA,2025-04-30,11,1,10,2,8
Technical Infrastructure,India,ACCENTURE PLC,APAC,2025-04-30,3,2,1,0,1
REWS,null,SODEXO,APAC,2025-04-28,3,3,0,0,0
Technical Infrastructure,Netherlands,SCHENKER,EMEA,2025-04-29,9,4,5,1,4
Technical Infrastructure,null,"HOLDER CONSTRUCTION GROUP, LLC",NORTH AMERICA,2025-05-02,3,3,0,0,0
Technical Infrastructure,United States,GARDA WORLD SECURITY CORPORATION,NORTH AMERICA,2025-05-01,3,3,0,0,0
Ads & Commerce,Poland,TELUS,EMEA,2025-04-28,2,2,0,0,0
Technical Infrastructure,null,INTEGRITY CONCEPTS LLC,NORTH AMERICA,2025-04-29,3,3,0,0,0
gTech,Poland,TELEPERFORMANCE SE,EMEA,2025-04-29,4,4,0,0,0
Geo,India,WIPRO LIMITED,APAC,2025-04-29,3,2,1,0,1
REWS,Australia,CSE CROSSCOM PTY LTD,APAC,2025-04-28,22,1,21,4,17
REWS,Japan,VECTOR RISK MANAGEMENT KK,APAC,2025-04-30,5,3,2,0,2
REWS,Brazil,SODEXO,LATAM,2025-05-02,3,3,0,0,0
gCS,Philippines,CONCENTRIX,APAC,2025-04-30,2,2,0,0,0
Geo,India,WIPRO LIMITED,APAC,2025-04-28,2,2,0,0,0
REWS,India,CBRE GROUP INC,APAC,2025-04-29,3,3,0,0,0
Technical Infrastructure,United States,SCHENKER,NORTH AMERICA,2025-04-29,8,3,5,3,2
REWS,United States,JONES LANG LASALLE INC,NORTH AMERICA,2025-04-28,1,1,0,0,0
Access,United States,DYCOM INDUSTRIES,NORTH AMERICA,2025-05-01,7,4,3,0,3
gTech,India,QUALITEST,APAC,2025-04-28,4,4,0,0,0
Technical Infrastructure,Netherlands,SYNCREON GLOBAL HOLDINGS LIMITED,EMEA,2025-04-28,4,4,0,0,0
Technical Infrastructure,Uruguay,ANCHORBUOY LIMITED,LATAM,2025-04-30,17,2,15,14,1
Geo,India,WIPRO LIMITED,APAC,2025-04-28,3,3,0,0,0
Marketing,Colombia,HUGE LLC,LATAM,2025-04-29,13,2,11,2,9
REWS,null,JONES LANG LASALLE INC,APAC,2025-05-02,3,3,0,0,0
Cloud,India,INFOSYS,APAC,2025-04-29,12,3,9,8,1
POps,India,ACCENTURE PLC,APAC,2025-04-29,5,2,3,1,2
Search,India,GLOBALLOGIC INC,APAC,2025-05-01,2,3,0,0,0
T&S,India,WIPRO LIMITED,APAC,2025-05-02,3,3,0,0,0
REWS,Philippines,JONES LANG LASALLE INC,APAC,2025-05-01,3,3,0,0,0
T&S,United States,PWC,NORTH AMERICA,2025-04-30,2,2,0,0,0
gCS,India,ACCENTURE PLC,APAC,2025-04-30,6,4,2,1,1
Technical Infrastructure,United States,TW CONSTRUCTORS LLC,NORTH AMERICA,2025-04-30,9,3,6,6,0
REWS,Belgium,CBRE GROUP INC,EMEA,2025-04-30,1,1,0,0,0
Technical Infrastructure,United States,SYNCREON GLOBAL HOLDINGS LIMITED,NORTH AMERICA,2025-04-29,15,4,11,1,10
T&S,India,WIPRO LIMITED,APAC,2025-04-30,3,3,0,0,0
T&S,India,WIPRO LIMITED,APAC,2025-05-02,3,3,0,0,0
REWS,India,JONES LANG LASALLE INC,APAC,2025-05-02,3,3,0,0,0
Technical Infrastructure,United States,GXO LOGISTICS WORLDWIDE LLC,NORTH AMERICA,2025-04-30,11,3,8,8,0
Technical Infrastructure,United Kingdom,SYNERGY SECURITY SOLUTIONS LIMITED,EMEA,2025-05-02,3,3,0,0,0
Access,United States,SORENSEN CRAIG F CONSTRUCTION INC,NORTH AMERICA,2025-05-01,3,1,2,1,1
Global Affairs (w/o T&S),Brazil,ACCENTURE PLC,LATAM,2025-04-30,5,3,2,2,0
T&S,Ireland,ACCENTURE PLC,EMEA,2025-05-02,6,2,4,0,4
T&S,India,WIPRO LIMITED,APAC,2025-05-01,6,5,1,0,1
POps,India,RANDSTAD NV,APAC,2025-05-02,7,3,4,4,0
Technical Infrastructure,United States,SCHENKER,NORTH AMERICA,2025-04-29,6,2,4,0,4
gTech,India,TELEPERFORMANCE SE,APAC,2025-04-28,5,4,1,1,0
Waymo,United States,TRANSDEV,NORTH AMERICA,2025-05-02,8,2,6,0,6
Ads & Commerce,United States,"ANSWERLAB, LLC",NORTH AMERICA,2025-05-02,3,3,0,0,0
Cloud,Mexico,TATA GROUP,LATAM,2025-05-02,4,3,1,1,0
T&S,Philippines,ACCENTURE PLC,APAC,2025-05-02,3,3,0,0,0
Technical Infrastructure,United States,GXO LOGISTICS WORLDWIDE LLC,NORTH AMERICA,2025-05-01,7,2,5,4,1
Technical Infrastructure,United States,WHITEWAY BUILDING SERVICE INC,NORTH AMERICA,2025-04-29,3,3,0,0,0
REWS,null,CBRE GROUP INC,EMEA,2025-05-02,3,3,0,0,0
Cloud,Philippines,ACCENTURE PLC,APAC,2025-04-28,3,2,1,1,0
Cloud,El Salvador,TELUS,LATAM,2025-04-30,4,4,0,0,0
REWS,United States,"INTER-CON SECURITY SYSTEMS, INC.",NORTH AMERICA,2025-04-28,3,3,0,0,0
Cloud,Spain,TELEPERFORMANCE SE,EMEA,2025-04-28,3,3,0,0,0
gTech,Philippines,ACCENTURE PLC,APAC,2025-04-29,3,2,1,0,1
Cloud,Philippines,HCL TECHNOLOGIES LTD,APAC,2025-05-01,10,3,7,7,0
REWS,India,JONES LANG LASALLE INC,APAC,2025-05-02,3,3,0,0,0
Cloud,India,DELOITTE,APAC,2025-05-01,3,2,1,0,1
Waymo,India,WIPRO LIMITED,APAC,2025-04-30,6,3,3,1,2
Corp Eng,Taiwan,ASTREYA PARTNERS INC,APAC,2025-05-02,7,3,4,0,4
REWS,United States,GARDINER & THEOBALD LLP,NORTH AMERICA,2025-05-01,5,3,2,2,0
Ads & Commerce,India,GLOBALLOGIC INC,APAC,2025-04-29,1,1,0,0,0
POps,India,ACCENTURE PLC,APAC,2025-04-28,3,2,1,1,0
REWS,United States,"INTER-CON SECURITY SYSTEMS, INC.",NORTH AMERICA,2025-04-30,5,5,0,0,0
Finance,Philippines,ACCENTURE PLC,APAC,2025-04-28,3,1,2,0,2
Waymo,India,COGNIZANT TECHNOLOGY SOLUTIONS CORPORATION,APAC,2025-04-29,3,2,1,0,1
gTech,India,VACO,APAC,2025-04-28,5,1,4,0,4
Technical Infrastructure,United States,GXO LOGISTICS WORLDWIDE LLC,NORTH AMERICA,2025-05-02,3,3,0,0,0
Devices & Services,United States,ARCHLYNK LLC,NORTH AMERICA,2025-05-02,5,2,3,0,3
Cloud,India,COGNIZANT TECHNOLOGY SOLUTIONS CORPORATION,APAC,2025-04-28,2,2,0,0,0
Waymo,United States,METRO ONE LOSS PREVENTION SERVICES GROUP (GUARD DIVISION) INC,NORTH AMERICA,2025-05-02,8,4,4,3,1
Technical Infrastructure,null,SISTEMAS CONTRA INCENDIOS EUROCOMERCIAL LTDA,LATAM,2025-04-28,3,3,0,0,0
YouTube,India,ACCENTURE PLC,APAC,2025-05-02,6,3,3,1,2
REWS,Ireland,FIRST,EMEA,2025-05-01,3,3,0,0,0
Technical Infrastructure,Chile,SISTEMAS CONTRA INCENDIOS EUROCOMERCIAL LTDA,LATAM,2025-04-28,3,3,0,0,0
Waymo,United States,TRANSDEV,NORTH AMERICA,2025-05-01,7,4,3,1,2
gTech,India,TELEPERFORMANCE SE,APAC,2025-05-02,4,2,2,1,1
Waymo,United States,UBER TECHNOLOGIES INC,NORTH AMERICA,2025-05-01,3,3,0,0,0
Platforms + Ecosystems,United States,MAGIC LEAP INC.,NORTH AMERICA,2025-04-30,9,3,6,6,0
Waymo,India,COGNIZANT TECHNOLOGY SOLUTIONS CORPORATION,APAC,2025-04-30,2,2,0,0,0
Technical Infrastructure,United States,GXO LOGISTICS WORLDWIDE LLC,NORTH AMERICA,2025-04-29,5,3,2,0,2
Geo,India,COGNIZANT TECHNOLOGY SOLUTIONS CORPORATION,APAC,2025-04-30,2,2,0,0,0
gCS,United States,COGNIZANT TECHNOLOGY SOLUTIONS CORPORATION,NORTH AMERICA,2025-05-02,3,3,0,0,0
gCS,India,TELEDIRECT PTE LTD,APAC,2025-04-29,6,5,1,1,0
REWS,Ireland,COMPASS GROUP PLC,EMEA,2025-04-29,3,3,0,0,0
Technical Infrastructure,United States,"ROONEY HOLDINGS, INC.",NORTH AMERICA,2025-04-29,3,3,0,0,0
YouTube,India,GENPACT LIMITED,APAC,2025-04-28,3,2,1,0,1
T&S,India,WIPRO LIMITED,APAC,2025-04-28,4,1,3,1,2
Technical Infrastructure,United States,"ROONEY HOLDINGS, INC.",NORTH AMERICA,2025-04-29,3,3,0,0,0
REWS,United Kingdom,CBRE GROUP INC,EMEA,2025-04-28,4,4,0,0,0
gTech,Argentina,COGNIZANT TECHNOLOGY SOLUTIONS CORPORATION,LATAM,2025-04-29,14,2,12,2,10
POps,United States,RANDSTAD NV,NORTH AMERICA,2025-04-28,17,3,14,12,2
Waymo,India,WIPRO LIMITED,APAC,2025-04-30,7,6,1,1,0
Technical Infrastructure,United States,DIRECT LINE GLOBAL LLC,NORTH AMERICA,2025-04-29,4,3,1,0,1
REWS,null,COMPASS GROUP PLC,EMEA,2025-04-30,3,3,0,0,0
REWS,Australia,JONES LANG LASALLE INC,APAC,2025-05-02,3,3,0,0,0
T&S,India,WIPRO LIMITED,APAC,2025-04-30,5,2,3,1,2
Waymo,India,WIPRO LIMITED,APAC,2025-04-30,6,2,4,2,2
Devices & Services,India,TECH MAHINDRA LIMITED,APAC,2025-05-02,4,3,1,0,1
gTech,India,TELEPERFORMANCE SE,APAC,2025-04-29,6,3,3,3,0
POps,India,RANDSTAD NV,APAC,2025-05-02,7,2,5,0,5
YouTube,Romania,GENPACT LIMITED,EMEA,2025-04-28,4,3,1,1,0
Waymo,United States,KPMG,NORTH AMERICA,2025-04-30,3,2,1,0,1
Finance,United States,MCKINSEY & COMPANY,NORTH AMERICA,2025-04-28,6,2,4,0,4
T&S,Philippines,ACCENTURE PLC,APAC,2025-04-29,10,2,8,1,7
REWS,India,SODEXO,APAC,2025-05-02,3,3,0,0,0
YouTube,India,GENPACT LIMITED,APAC,2025-04-28,3,2,1,1,0
T&S,Ireland,ACCENTURE PLC,EMEA,2025-04-29,5,2,3,0,3
YouTube,India,CONCENTRIX,APAC,2025-05-02,6,3,3,3,0
REWS,India,JONES LANG LASALLE INC,APAC,2025-05-02,3,3,0,0,0
REWS,United States,ELECTROSONIC LIMITED,NORTH AMERICA,2025-04-28,3,3,0,0,0
Technical Infrastructure,null,"ROONEY HOLDINGS, INC.",NORTH AMERICA,2025-05-01,3,3,0,0,0
Technical Infrastructure,null,INDIGO TELECOM GROUP LTD,LATAM,2025-05-01,3,3,0,0,0
Technical Infrastructure,Ireland,ANCHORBUOY LIMITED,EMEA,2025-04-29,2,2,0,0,0
Technical Infrastructure,United States,SCHENKER,NORTH AMERICA,2025-04-29,6,3,3,3,0
Cloud,El Salvador,SERVICESOURCE INTERNATIONAL INC,LATAM,2025-04-28,3,3,0,0,0
REWS,United States,SYSTEM ONE HOLDINGS LLC DBA TEAMPEOPLE,NORTH AMERICA,2025-05-02,56,3,53,1,52
Technical Infrastructure,United States,DIRECT LINE GLOBAL LLC,NORTH AMERICA,2025-04-28,1,1,0,0,0
gTech,India,TECH MAHINDRA LIMITED,APAC,2025-04-28,3,3,0,0,0
YouTube,India,WIPRO LIMITED,APAC,2025-05-01,3,3,0,0,0
YouTube,India,CONCENTRIX,APAC,2025-04-29,5,3,2,1,1
POps,India,ACCENTURE PLC,APAC,2025-04-29,2,1,1,0,1
Technical Infrastructure,United States,SCHENKER,NORTH AMERICA,2025-05-01,8,3,5,5,0
Technical Infrastructure,United States,IRON SYSTEMS INC,NORTH AMERICA,2025-04-29,9,2,7,7,0
Access,United States,ITC SERVICE GROUP ACQUISITION LLC,NORTH AMERICA,2025-05-02,5,3,2,2,0
gTech,India,COGNIZANT TECHNOLOGY SOLUTIONS CORPORATION,APAC,2025-05-01,3,3,0,0,0
Technical Infrastructure,United States,MCFARLAND BUILDING GROUP LLC,NORTH AMERICA,2025-05-01,3,3,0,0,0
gTech,India,COGNIZANT TECHNOLOGY SOLUTIONS CORPORATION,APAC,2025-05-02,3,3,0,0,0
Technical Infrastructure,United States,VISION TECHNOLOGIES INC.,NORTH AMERICA,2025-04-30,3,1,2,1,1
Geo,India,WIPRO LIMITED,APAC,2025-04-28,2,2,0,0,0
REWS,null,JONES LANG LASALLE INC,APAC,2025-05-02,3,3,0,0,0
Technical Infrastructure,United States,"HOLDER CONSTRUCTION GROUP, LLC",NORTH AMERICA,2025-04-29,1,1,0,0,0
T&S,India,COGNIZANT TECHNOLOGY SOLUTIONS CORPORATION,APAC,2025-04-30,9,2,7,5,2
Waymo,United States,TRANSDEV,NORTH AMERICA,2025-05-01,7,3,4,2,2
YouTube,Ireland,ACCENTURE PLC,EMEA,2025-04-28,3,2,1,1,0
gTech,Ireland,ACCENTURE PLC,EMEA,2025-04-28,4,3,1,1,0
Platforms + Ecosystems,India,ITTIAM SYSTEMS PVT LTD,APAC,2025-04-28,6,3,3,0,3
Finance,India,ACCENTURE PLC,APAC,2025-04-29,4,1,3,1,2
Technical Infrastructure,United States,DIRECT LINE GLOBAL LLC,NORTH AMERICA,2025-04-28,6,3,3,1,2
Waymo,India,COGNIZANT TECHNOLOGY SOLUTIONS CORPORATION,APAC,2025-04-28,2,2,0,0,0
Technical Infrastructure,United States,ALLIED UNIVERSAL,NORTH AMERICA,2025-04-28,4,3,1,1,0
REWS,Canada,COMPASS GROUP PLC,NORTH AMERICA,2025-05-01,3,3,0,0,0
Technical Infrastructure,null,ISS A/S,EMEA,2025-05-01,3,3,0,0,0
Geo,Philippines,ACCENTURE PLC,APAC,2025-04-29,4,2,2,0,2
T&S,India,WIPRO LIMITED,APAC,2025-04-30,5,2,3,1,2
T&S,Malaysia,ACCENTURE PLC,APAC,2025-04-28,3,3,0,0,0
Technical Infrastructure,United States,"HOLDER CONSTRUCTION GROUP, LLC",NORTH AMERICA,2025-05-02,3,3,0,0,0
Technical Infrastructure,Denmark,QVISTGAARD IS,EMEA,2025-05-01,3,3,0,0,0
T&S,Philippines,ACCENTURE PLC,APAC,2025-05-02,7,2,5,0,5
Cloud,India,COGNIZANT TECHNOLOGY SOLUTIONS CORPORATION,APAC,2025-04-28,2,2,0,0,0
Global Affairs (w/o T&S),United States,MORRISON & FOERSTER LLP,NORTH AMERICA,2025-05-01,6,3,3,0,3
GBO (w/o gTech & gCS),Poland,TTEC HOLDINGS INC,EMEA,2025-04-28,3,1,2,2,0
Waymo,India,WIPRO LIMITED,APAC,2025-04-30,6,1,5,5,0
DeepMind,United Kingdom,SMARTPA GLOBAL LTD,EMEA,2025-04-30,17,3,14,2,12
T&S,India,WIPRO LIMITED,APAC,2025-04-28,7,2,5,5,0
Finance,India,IBM CORPORATION,APAC,2025-04-29,8,1,7,5,2
REWS,United States,GARDA WORLD SECURITY CORPORATION,NORTH AMERICA,2025-05-02,6,2,4,1,3
REWS,United States,COMPASS GROUP PLC,NORTH AMERICA,2025-04-30,2,2,0,0,0
Platforms + Ecosystems,United States,DELOITTE,NORTH AMERICA,2025-04-30,3,1,2,0,2
Technical Infrastructure,United States,SYNCREON GLOBAL HOLDINGS LIMITED,NORTH AMERICA,2025-05-02,11,1,10,5,5
REWS,null,MEDIFIT CONSULTANTS PVT LTD,APAC,2025-05-02,3,3,0,0,0
Waymo,United States,METRO ONE LOSS PREVENTION SERVICES GROUP (GUARD DIVISION) INC,NORTH AMERICA,2025-04-28,2,2,0,0,0
GBO (w/o gTech & gCS),United Kingdom,MORGAN MCKINLEY LTD,EMEA,2025-05-02,13,4,9,0,9
POps,India,RANDSTAD NV,APAC,2025-05-02,7,1,6,3,3
Technical Infrastructure,United States,GXO LOGISTICS WORLDWIDE LLC,NORTH AMERICA,2025-05-02,16,2,14,4,10
T&S,United States,ACCENTURE PLC,NORTH AMERICA,2025-04-29,5,2,3,1,2
YouTube,India,GENPACT LIMITED,APAC,2025-04-28,3,2,1,1,0
Corp Eng,United States,ONE DIVERSIFIED LLC,NORTH AMERICA,2025-04-30,5,1,4,0,4
Waymo,United States,TRANSDEV,NORTH AMERICA,2025-05-01,7,3,4,0,4
Cloud,India,HCL TECHNOLOGIES LTD,APAC,2025-05-02,3,3,0,0,0
Platforms + Ecosystems,United States,MAGIC LEAP INC.,NORTH AMERICA,2025-05-01,10,2,8,0,8
Global Affairs (w/o T&S),India,ACCENTURE PLC,APAC,2025-04-29,5,2,3,1,2
Technical Infrastructure,India,INDIGO TELECOM GROUP LTD,APAC,2025-04-30,2,2,0,0,0
YouTube,India,ACCENTURE PLC,APAC,2025-04-28,7,2,5,1,4
Cloud,India,EPAM SYSTEMS INC,APAC,2025-04-30,2,1,1,1,0
Ads & Commerce,India,GLOBALLOGIC INC,APAC,2025-04-29,1,1,0,0,0
Technical Infrastructure,United States,"ROONEY HOLDINGS, INC.",NORTH AMERICA,2025-05-01,3,3,0,0,0
Waymo,India,COGNIZANT TECHNOLOGY SOLUTIONS CORPORATION,APAC,2025-04-28,2,2,0,0,0
Waymo,United States,"TASKUS, INC.",NORTH AMERICA,2025-05-02,4,2,2,1,1
gCS,India,ACCENTURE PLC,APAC,2025-04-28,5,2,3,0,3
Technical Infrastructure,United States,SCHENKER,NORTH AMERICA,2025-04-29,1,1,0,0,0
Technical Infrastructure,United States,"HOLDER CONSTRUCTION GROUP, LLC",NORTH AMERICA,2025-05-02,3,3,0,0,0
Technical Infrastructure,United States,MC DEAN INC,NORTH AMERICA,2025-04-30,4,2,2,2,0
POps,India,DELOITTE,APAC,2025-04-28,3,3,0,0,0
Technical Infrastructure,Netherlands,SYNCREON GLOBAL HOLDINGS LIMITED,EMEA,2025-04-29,5,3,2,1,1
gCS,Canada,TELEPERFORMANCE SE,NORTH AMERICA,2025-05-01,6,2,4,1,3
Technical Infrastructure,United States,GXO LOGISTICS WORLDWIDE LLC,NORTH AMERICA,2025-04-28,18,3,15,5,10
Waymo,India,WIPRO LIMITED,APAC,2025-04-30,2,2,0,0,0
Research,United States,"TRIPLE CROWN CONSULTING, LLC",NORTH AMERICA,2025-05-01,3,2,1,0,1
T&S,United States,"MINDLANCE, INC.",NORTH AMERICA,2025-04-28,10,3,7,1,6
Platforms + Ecosystems,United States,CIENET INTERNATIONAL LLC,NORTH AMERICA,2025-05-02,3,3,0,0,0
gTech,Greece,TELEPERFORMANCE SE,EMEA,2025-04-29,8,3,5,0,5
Cloud,United States,ONIX NETWORKING CORP.,NORTH AMERICA,2025-04-29,4,3,1,0,1
gCS,Philippines,CONCENTRIX,APAC,2025-04-30,2,2,0,0,0
Technical Infrastructure,null,"HOLDER CONSTRUCTION GROUP, LLC",NORTH AMERICA,2025-05-01,3,3,0,0,0
Corp Eng,null,ONE DIVERSIFIED LLC,NORTH AMERICA,2025-04-28,3,3,0,0,0
REWS,India,JONES LANG LASALLE INC,APAC,2025-05-02,3,3,0,0,0
Cloud,India,INFOSYS,APAC,2025-04-30,3,3,0,0,0
Finance,United States,ERNST AND YOUNG LLP,NORTH AMERICA,2025-05-01,5,2,3,2,1
Technical Infrastructure,United States,GXO LOGISTICS WORLDWIDE LLC,NORTH AMERICA,2025-04-28,4,2,2,0,2
T&S,Philippines,ACCENTURE PLC,APAC,2025-05-02,3,3,0,0,0
Technical Infrastructure,United Kingdom,GLEAVE PARTNERSHIP LIMITED,EMEA,2025-05-02,11,4,7,0,7
Waymo,United States,SODEXO,NORTH AMERICA,2025-05-01,3,3,0,0,0
Devices & Services,United States,"SYNOPSYS, INC",NORTH AMERICA,2025-05-01,4,2,2,1,1
Devices & Services,India,ACCENTURE PLC,APAC,2025-04-30,5,2,3,2,1
YouTube,Philippines,TECH MAHINDRA LIMITED,APAC,2025-05-02,11,2,9,0,9
Global Affairs (w/o T&S),United States,AXIOM GLOBAL INC,NORTH AMERICA,2025-05-01,4,1,3,0,3
Technical Infrastructure,United States,"HOLDER CONSTRUCTION GROUP, LLC",NORTH AMERICA,2025-05-02,3,3,0,0,0
YouTube,India,COGNIZANT TECHNOLOGY SOLUTIONS CORPORATION,APAC,2025-05-02,3,3,0,0,0
T&S,India,WIPRO LIMITED,APAC,2025-05-01,6,5,1,0,1
REWS,Taiwan,JONES LANG LASALLE INC,APAC,2025-04-29,4,2,2,0,2
Devices & Services,United States,MOSAIC US HOLDINGS INC,NORTH AMERICA,2025-04-28,10,3,7,1,6
Platforms + Ecosystems,India,ACCENTURE PLC,APAC,2025-04-29,4,2,2,0,2
Cloud,El Salvador,SERVICESOURCE INTERNATIONAL INC,LATAM,2025-04-28,3,3,0,0,0
REWS,Singapore,SECURITY AND RISK SOLUTIONS PTE LTD,APAC,2025-04-29,6,2,4,1,3
Cloud,Philippines,HCL TECHNOLOGIES LTD,APAC,2025-04-30,10,1,9,0,9
Waymo,United States,TRANSDEV,NORTH AMERICA,2025-05-02,8,2,6,0,6
REWS,India,JONES LANG LASALLE INC,APAC,2025-05-02,3,3,0,0,0
POps,India,RANDSTAD NV,APAC,2025-05-02,7,4,3,2,1
YouTube,India,CONCENTRIX,APAC,2025-04-28,6,2,4,4,0
POps,Taiwan,DELOITTE,APAC,2025-04-29,3,3,0,0,0
gTech,Poland,TELEPERFORMANCE SE,EMEA,2025-04-28,3,3,0,0,0
Cloud,United States,ONIX NETWORKING CORP.,NORTH AMERICA,2025-04-29,6,4,2,2,0
Technical Infrastructure,null,SISTEMAS CONTRA INCENDIOS EUROCOMERCIAL LTDA,LATAM,2025-04-28,3,3,0,0,0
REWS,India,JONES LANG LASALLE INC,APAC,2025-05-02,3,3,0,0,0
gCS,Philippines,TELEDIRECT PTE LTD,APAC,2025-05-02,20,3,17,8,9
REWS,United States,SYSTEM ONE HOLDINGS LLC DBA TEAMPEOPLE,NORTH AMERICA,2025-05-01,3,3,0,0,0
gTech,India,GENPACT LIMITED,APAC,2025-04-29,3,3,0,0,0
POps,India,RANDSTAD NV,APAC,2025-04-29,9,2,7,1,6
Technical Infrastructure,United States,J E DUNN CONSTRUCTION COMPANY,NORTH AMERICA,2025-05-02,3,3,0,0,0
REWS,null,ARAMARK HOLDINGS CORPORATION,NORTH AMERICA,2025-05-01,3,3,0,0,0
REWS,null,SODEXO,APAC,2025-05-02,3,3,0,0,0
Technical Infrastructure,null,SISTEMAS CONTRA INCENDIOS EUROCOMERCIAL LTDA,LATAM,2025-04-28,3,3,0,0,0
REWS,United States,COMPASS GROUP PLC,NORTH AMERICA,2025-04-30,2,2,0,0,0
Technical Infrastructure,United States,GXO LOGISTICS WORLDWIDE LLC,NORTH AMERICA,2025-05-01,7,3,4,3,1
Marketing,Australia,ALGOMARKETING LTD,APAC,2025-04-30,9,4,5,3,2
Search,Malaysia,TECH MAHINDRA LIMITED,APAC,2025-04-30,3,3,0,0,0
Platforms + Ecosystems,India,ITTIAM SYSTEMS PVT LTD,APAC,2025-04-28,6,3,3,1,2
Global Affairs (w/o T&S),United States,"CONSILIO, INC",NORTH AMERICA,2025-04-28,7,4,3,2,1
REWS,India,JONES LANG LASALLE INC,APAC,2025-05-02,3,3,0,0,0
YouTube,India,ACCENTURE PLC,APAC,2025-05-02,6,3,3,3,0
gTech,India,CONCENTRIX,APAC,2025-04-29,4,3,1,0,1
Cloud,Mexico,TATA GROUP,LATAM,2025-04-29,10,3,7,5,2
POps,United States,ACCENTURE PLC,NORTH AMERICA,2025-04-28,3,2,1,0,1
YouTube,India,ACCENTURE PLC,APAC,2025-04-29,5,3,2,1,1
Technical Infrastructure,United States,GXO LOGISTICS WORLDWIDE LLC,NORTH AMERICA,2025-04-28,2,2,0,0,0
REWS,null,SODEXO,NORTH AMERICA,2025-04-28,3,3,0,0,0
Access,United States,TELENETWORK PARTNERS LTD,NORTH AMERICA,2025-04-29,2,1,1,1,0
Technical Infrastructure,United Kingdom,CTORI CONSTRUCTION CONSULTANTS LIMITED,EMEA,2025-04-29,4,4,0,0,0
REWS,India,JONES LANG LASALLE INC,APAC,2025-05-02,3,3,0,0,0
gCS,Brazil,ATENTO S.A.,LATAM,2025-04-29,3,3,0,0,0
gTech,India,TELEPERFORMANCE SE,APAC,2025-04-28,1,1,0,0,0
gTech,India,COGNIZANT TECHNOLOGY SOLUTIONS CORPORATION,APAC,2025-05-01,3,3,0,0,0
Technical Infrastructure,United States,GXO LOGISTICS WORLDWIDE LLC,NORTH AMERICA,2025-04-29,5,3,2,1,1
Cloud,United States,TATA GROUP,NORTH AMERICA,2025-05-01,5,3,2,2,0
Cloud,India,COGNIZANT TECHNOLOGY SOLUTIONS CORPORATION,APAC,2025-05-02,3,3,0,0,0
Technical Infrastructure,United States,GXO LOGISTICS WORLDWIDE LLC,NORTH AMERICA,2025-05-02,6,3,3,3,0
POps,India,COGNIZANT TECHNOLOGY SOLUTIONS CORPORATION,APAC,2025-04-28,1,1,0,0,0
POps,India,RANDSTAD NV,APAC,2025-04-28,12,3,9,0,9
T&S,India,ACCENTURE PLC,APAC,2025-04-28,5,2,3,0,3
REWS,Finland,CBRE GROUP INC,EMEA,2025-05-02,3,3,0,0,0
gCS,India,TELEDIRECT PTE LTD,APAC,2025-05-02,9,3,6,4,2
Waymo,United States,KPMG,NORTH AMERICA,2025-04-30,3,1,2,0,2
YouTube,India,TATA GROUP,APAC,2025-04-29,4,4,0,0,0
T&S,India,WIPRO LIMITED,APAC,2025-04-29,6,2,4,4,0
Access,United States,ALLO HOLDING LLC,NORTH AMERICA,2025-05-01,8,3,5,2,3
Ads & Commerce,India,"APPLAUSE APP QUALITY, INC",APAC,2025-04-28,5,4,1,1,0
Technical Infrastructure,United Kingdom,SUDLOWS ENTERPRISE SERVICES LIMITED,EMEA,2025-05-02,3,3,0,0,0
gCS,China,ACCENTURE PLC,APAC,2025-04-30,12,4,8,0,8
T&S,Poland,ACCENTURE PLC,EMEA,2025-04-30,5,3,2,2,0
T&S,India,CONCENTRIX,APAC,2025-04-29,2,1,1,0,1
T&S,India,WIPRO LIMITED,APAC,2025-05-01,4,3,1,1,0
T&S,India,WIPRO LIMITED,APAC,2025-04-30,3,3,0,0,0
Platforms + Ecosystems,India,ITTIAM SYSTEMS PVT LTD,APAC,2025-04-28,6,3,3,0,3
Devices & Services,United States,"CADENCE DESIGN SYSTEMS, INC.",NORTH AMERICA,2025-05-02,5,3,2,0,2
YouTube,India,ACCENTURE PLC,APAC,2025-05-02,6,2,4,0,4
Cloud,India,INFOSYS,APAC,2025-04-30,2,1,1,0,1
POps,India,RANDSTAD NV,APAC,2025-05-02,7,2,5,0,5
YouTube,India,GENPACT LIMITED,APAC,2025-04-28,3,1,2,0,2
REWS,India,JONES LANG LASALLE INC,APAC,2025-05-02,3,3,0,0,0
Waymo,India,WIPRO LIMITED,APAC,2025-05-01,3,2,1,0,1
Technical Infrastructure,United Kingdom,SUDLOWS ENTERPRISE SERVICES LIMITED,EMEA,2025-05-02,3,3,0,0,0
YouTube,Malaysia,ACCENTURE PLC,APAC,2025-04-28,3,2,1,1,0
Cloud,United States,THE BOSTON CONSULTING GROUP INC,NORTH AMERICA,2025-05-02,12,3,9,1,8
REWS,Finland,CBRE GROUP INC,EMEA,2025-05-02,3,3,0,0,0
Waymo,India,WIPRO LIMITED,APAC,2025-04-30,2,1,1,1,0
Geo,India,WIPRO LIMITED,APAC,2025-04-29,3,4,0,0,0
Cloud,India,COGNIZANT TECHNOLOGY SOLUTIONS CORPORATION,APAC,2025-05-02,3,3,0,0,0
Cloud,Philippines,HCL TECHNOLOGIES LTD,APAC,2025-04-30,10,1,9,0,9
Ads & Commerce,Poland,TELUS,EMEA,2025-04-30,4,3,1,0,1
REWS,null,CBRE GROUP INC,EMEA,2025-05-02,3,3,0,0,0
POps,India,DELOITTE,APAC,2025-04-29,3,3,0,0,0
Ads & Commerce,Poland,TELUS,EMEA,2025-04-30,4,3,1,0,1
Technical Infrastructure,null,"HOLDER CONSTRUCTION GROUP, LLC",NORTH AMERICA,2025-05-02,3,3,0,0,0
Access,United States,DYCOM INDUSTRIES,NORTH AMERICA,2025-05-01,16,2,14,12,2
Finance,India,ACCENTURE PLC,APAC,2025-04-29,4,1,3,3,0
YouTube,India,GENPACT LIMITED,APAC,2025-04-28,3,2,1,1,0
REWS,Taiwan,JONES LANG LASALLE INC,APAC,2025-04-29,4,3,1,0,1
Access,United States,"ALAN PLUMMER ASSOCIATES, INC",NORTH AMERICA,2025-04-29,10,1,9,0,9
gTech,Germany,VACO,EMEA,2025-05-01,6,2,4,4,0
REWS,United States,JONES LANG LASALLE INC,NORTH AMERICA,2025-05-02,7,3,4,3,1
Technical Infrastructure,United States,GXO LOGISTICS WORLDWIDE LLC,NORTH AMERICA,2025-05-01,7,3,4,4,0
Waymo,Philippines,COGNIZANT TECHNOLOGY SOLUTIONS CORPORATION,APAC,2025-04-28,3,3,0,0,0
Technical Infrastructure,United States,SCHENKER,NORTH AMERICA,2025-05-02,5,3,2,0,2
gCS,Brazil,TTEC HOLDINGS INC,LATAM,2025-04-30,7,4,3,3,0
Waymo,United States,"TASKUS, INC.",NORTH AMERICA,2025-04-28,5,3,2,1,1
REWS,India,G4S PLC,APAC,2025-04-28,3,1,2,2,0
YouTube,Malaysia,ACCENTURE PLC,APAC,2025-04-28,3,2,1,1,0
Devices & Services,India,SMOLLAN GROUP SA PTY LTD,APAC,2025-05-01,4,1,3,0,3
Technical Infrastructure,India,ACCENTURE PLC,APAC,2025-04-29,2,1,1,0,1
T&S,India,WIPRO LIMITED,APAC,2025-04-28,4,2,2,0,2
gTech,Philippines,ACCENTURE PLC,APAC,2025-04-29,3,3,0,0,0
YouTube,India,WIPRO LIMITED,APAC,2025-05-02,3,3,0,0,0
YouTube,United States,"ANSWERLAB, LLC",NORTH AMERICA,2025-05-02,4,3,1,1,0
Finance,India,ACCENTURE PLC,APAC,2025-05-02,6,3,3,1,2
Technical Infrastructure,United States,GXO LOGISTICS WORLDWIDE LLC,NORTH AMERICA,2025-04-28,4,2,2,1,1
Finance,Philippines,ACCENTURE PLC,APAC,2025-04-30,5,2,3,3,0
gTech,Philippines,ACCENTURE PLC,APAC,2025-04-28,2,2,0,0,0
T&S,India,WIPRO LIMITED,APAC,2025-05-01,4,3,1,0,1
Ads & Commerce,Poland,HCL TECHNOLOGIES LTD,EMEA,2025-04-30,2,2,0,0,0
YouTube,Portugal,COGNIZANT TECHNOLOGY SOLUTIONS CORPORATION,EMEA,2025-04-30,6,3,3,0,3
gTech,India,TECH MAHINDRA LIMITED,APAC,2025-04-30,3,3,0,0,0
Technical Infrastructure,United States,ALLIED UNIVERSAL,NORTH AMERICA,2025-04-29,4,4,0,0,0
Devices & Services,China,SUPPLY CHAIN RESOURCES,APAC,2025-04-28,8,2,6,6,0
Geo,India,ACCENTURE PLC,APAC,2025-04-28,5,1,4,1,3
Technical Infrastructure,United States,CROFT CONSULTING SERVICES LLC,NORTH AMERICA,2025-05-02,3,3,0,0,0
Technical Infrastructure,United States,MCFARLAND BUILDING GROUP LLC,NORTH AMERICA,2025-05-01,3,3,0,0,0
Search,India,GLOBALLOGIC INC,APAC,2025-05-01,2,3,0,0,0
Technical Infrastructure,United States,SCHENKER,NORTH AMERICA,2025-04-28,5,2,3,0,3
Technical Infrastructure,Finland,ADECCO GROUP AG,EMEA,2025-04-28,8,3,5,4,1
Technical Infrastructure,United States,ADECCO GROUP AG,NORTH AMERICA,2025-04-28,12,4,8,8,0
gTech,India,COGNIZANT TECHNOLOGY SOLUTIONS CORPORATION,APAC,2025-04-30,2,1,1,1,0
Technical Infrastructure,Netherlands,SECURITAS AB,EMEA,2025-04-30,6,1,5,5,0
gTech,India,VACO,APAC,2025-04-28,4,1,3,0,3
Cloud,Mexico,TATA GROUP,LATAM,2025-04-29,3,2,1,0,1
Technical Infrastructure,Netherlands,SECURITAS AB,EMEA,2025-05-01,7,1,6,5,1
T&S,India,WIPRO LIMITED,APAC,2025-05-02,7,2,5,0,5
GBO (w/o gTech & gCS),Philippines,ACCENTURE PLC,APAC,2025-04-29,2,2,0,0,0
REWS,null,STANTEC INC.,NORTH AMERICA,2025-04-29,3,3,0,0,0
Technical Infrastructure,India,HCL TECHNOLOGIES LTD,APAC,2025-04-28,4,4,0,0,0
Technical Infrastructure,United States,GXO LOGISTICS WORLDWIDE LLC,NORTH AMERICA,2025-05-02,3,3,0,0,0
gTech,Poland,TELEPERFORMANCE SE,EMEA,2025-04-28,3,3,0,0,0
T&S,India,WIPRO LIMITED,APAC,2025-04-28,4,1,3,0,3
DeepMind,United States,BUCK DESIGN LLC,NORTH AMERICA,2025-04-29,14,3,11,10,1
YouTube,India,ACCENTURE PLC,APAC,2025-05-02,6,2,4,0,4
Geo,India,TECH MAHINDRA LIMITED,APAC,2025-05-02,3,3,0,0,0
Technical Infrastructure,United States,SCHENKER,NORTH AMERICA,2025-05-01,5,2,3,0,3
gCS,Spain,TELEPERFORMANCE SE,EMEA,2025-05-01,7,1,6,5,1
T&S,India,ACCENTURE PLC,APAC,2025-04-29,4,2,2,0,2
Technical Infrastructure,United States,DIRECT LINE GLOBAL LLC,NORTH AMERICA,2025-04-28,1,1,0,0,0
Technical Infrastructure,null,ERICSSON INC,EMEA,2025-05-01,3,3,0,0,0
Technical Infrastructure,India,INDIGO TELECOM GROUP LTD,APAC,2025-05-01,3,3,0,0,0
REWS,India,JONES LANG LASALLE INC,APAC,2025-05-02,3,3,0,0,0
Technical Infrastructure,United Kingdom,SYNERGY SECURITY SOLUTIONS LIMITED,EMEA,2025-04-30,2,2,0,0,0
Technical Infrastructure,Belgium,TRACTEBEL ENGINEERING SA/NV,EMEA,2025-04-29,4,2,2,1,1
Waymo,India,WIPRO LIMITED,APAC,2025-04-30,6,1,5,0,5
YouTube,India,WIPRO LIMITED,APAC,2025-05-02,3,3,0,0,0
Waymo,India,WIPRO LIMITED,APAC,2025-05-01,3,2,1,1,0
Technical Infrastructure,United States,SYNCREON GLOBAL HOLDINGS LIMITED,NORTH AMERICA,2025-04-29,6,2,4,3,1
YouTube,India,GENPACT LIMITED,APAC,2025-04-28,3,2,1,0,1
POps,India,RANDSTAD NV,APAC,2025-05-01,15,3,12,5,7
Geo,India,COGNIZANT TECHNOLOGY SOLUTIONS CORPORATION,APAC,2025-05-01,5,3,2,2,0
Technical Infrastructure,Netherlands,SECURITAS AB,EMEA,2025-04-29,5,1,4,3,1
Platforms + Ecosystems,India,HCL TECHNOLOGIES LTD,APAC,2025-04-29,4,3,1,0,1
Finance,United States,ERNST AND YOUNG LLP,NORTH AMERICA,2025-04-30,6,3,3,3,0
YouTube,India,ACCENTURE PLC,APAC,2025-05-02,6,2,4,3,1
gTech,Philippines,TELUS,APAC,2025-04-28,6,2,4,4,0
YouTube,India,CONCENTRIX,APAC,2025-04-30,4,4,0,0,0
Technical Infrastructure,Germany,SOBEN GROUP HOLDINGS LTD,EMEA,2025-04-29,1,0,1,1,0
POps,India,RANDSTAD NV,APAC,2025-05-02,7,1,6,0,6
REWS,Finland,CBRE GROUP INC,EMEA,2025-05-02,3,3,0,0,0
T&S,Philippines,ACCENTURE PLC,APAC,2025-04-28,9,3,6,0,6
Cloud,United States,TRILYON INC,NORTH AMERICA,2025-04-29,2,2,0,0,0
YouTube,India,CONCENTRIX,APAC,2025-04-29,2,2,0,0,0
Access,Poland,EPAM SYSTEMS INC,EMEA,2025-04-30,5,3,2,2,0
Cloud,United States,MEDIATEK INC,NORTH AMERICA,2025-04-29,6,3,3,0,3
gTech,India,COGNIZANT TECHNOLOGY SOLUTIONS CORPORATION,APAC,2025-04-30,4,3,1,1,0
POps,India,RANDSTAD NV,APAC,2025-04-28,9,1,8,0,8
Waymo,United States,AMERIT FLEET SOLUTIONS INC.,NORTH AMERICA,2025-04-28,1,1,0,0,0
gTech,India,TELEPERFORMANCE SE,APAC,2025-04-28,5,3,2,1,1
gCS,Brazil,ATENTO S.A.,LATAM,2025-04-29,3,3,0,0,0
T&S,India,WIPRO LIMITED,APAC,2025-04-28,4,1,3,3,0
gTech,India,COGNIZANT TECHNOLOGY SOLUTIONS CORPORATION,APAC,2025-05-01,4,2,2,2,0
T&S,India,ACCENTURE PLC,APAC,2025-05-02,8,2,6,4,2
Platforms + Ecosystems,India,HCL TECHNOLOGIES LTD,APAC,2025-04-30,5,3,2,0,2
Waymo,India,WIPRO LIMITED,APAC,2025-04-30,2,1,1,1,0
REWS,United States,CBRE GROUP INC,NORTH AMERICA,2025-05-02,5,2,3,2,1
REWS,India,JAGUAR SECURITY SERVICES PVT. LTD.,APAC,2025-05-01,7,3,4,1,3
Marketing,United States,TELLAGENCE INC,NORTH AMERICA,2025-04-29,7,3,4,1,3
Technical Infrastructure,United States,TURNER & TOWNSEND PARTNERS LLP,NORTH AMERICA,2025-04-29,5,2,3,0,3
REWS,null,JONES LANG LASALLE INC,APAC,2025-05-02,3,3,0,0,0
Marketing,Canada,DELOITTE,NORTH AMERICA,2025-05-02,4,2,2,0,2
Waymo,United States,TRANSDEV,NORTH AMERICA,2025-05-01,7,3,4,1,3
T&S,Philippines,ACCENTURE PLC,APAC,2025-04-29,10,3,7,3,4
Technical Infrastructure,Finland,ADECCO GROUP AG,EMEA,2025-04-28,8,3,5,4,1
REWS,United States,ELECTROSONIC LIMITED,NORTH AMERICA,2025-04-28,3,3,0,0,0
Technical Infrastructure,null,"HOLDER CONSTRUCTION GROUP, LLC",NORTH AMERICA,2025-05-01,3,3,0,0,0
REWS,India,COMPASS GROUP PLC,APAC,2025-04-28,3,3,0,0,0
Marketing,United States,"MAGNIT, LLC",NORTH AMERICA,2025-05-01,6,3,3,2,1
REWS,United States,COMPASS GROUP PLC,NORTH AMERICA,2025-05-01,3,3,0,0,0
YouTube,Malaysia,ACCENTURE PLC,APAC,2025-04-28,3,2,1,0,1
Technical Infrastructure,India,INDIGO TELECOM GROUP LTD,APAC,2025-05-01,3,3,0,0,0
Technical Infrastructure,India,MOTIVITY LABS INC,APAC,2025-04-28,5,4,1,0,1
Technical Infrastructure,United States,GXO LOGISTICS WORLDWIDE LLC,NORTH AMERICA,2025-05-01,7,3,4,4,0
Technical Infrastructure,United States,DIRECT LINE GLOBAL LLC,NORTH AMERICA,2025-04-29,2,2,0,0,0
gTech,India,COGNIZANT TECHNOLOGY SOLUTIONS CORPORATION,APAC,2025-04-29,4,3,1,1,0
Cloud,India,INFOSYS,APAC,2025-05-02,8,4,4,0,4
REWS,Finland,COMPASS GROUP PLC,EMEA,2025-04-30,3,3,0,0,0
REWS,null,SODEXO,NORTH AMERICA,2025-04-29,4,4,0,0,0
Cloud,Spain,WEBHELP GROUP,EMEA,2025-04-29,4,1,3,0,3
Devices & Services,United States,LOGISTICS PLUS INC.,NORTH AMERICA,2025-04-30,6,3,3,0,3
Cloud,United States,DELOITTE,NORTH AMERICA,2025-04-29,3,3,0,0,0
Geo,India,WIPRO LIMITED,APAC,2025-04-28,2,2,0,0,0
Ads & Commerce,United States,"AKRAYA, INC",NORTH AMERICA,2025-04-29,5,3,2,1,1
POps,India,ACCENTURE PLC,APAC,2025-05-01,4,2,2,0,2
Devices & Services,India,HCL TECHNOLOGIES LTD,APAC,2025-04-28,3,2,1,0,1
gTech,India,CONCENTRIX,APAC,2025-04-29,4,3,1,0,1
REWS,United States,PROPARK AMERICA WEST LLC,NORTH AMERICA,2025-04-28,2,2,0,0,0
REWS,Germany,CBRE GROUP INC,EMEA,2025-04-29,3,3,0,0,0
gTech,United States,VACO,NORTH AMERICA,2025-04-29,4,4,0,0,0
T&S,India,WIPRO LIMITED,APAC,2025-05-01,4,3,1,0,1
Technical Infrastructure,United States,ALLIED UNIVERSAL,NORTH AMERICA,2025-04-28,8,3,5,5,0
Technical Infrastructure,Poland,EPAM SYSTEMS INC,EMEA,2025-04-30,6,3,3,2,1
Technical Infrastructure,United States,GXO LOGISTICS WORLDWIDE LLC,NORTH AMERICA,2025-04-28,4,3,1,1,0
Cloud,India,SERVICESOURCE INTERNATIONAL INC,APAC,2025-04-30,2,3,0,0,0
REWS,India,COMPASS GROUP PLC,APAC,2025-04-28,3,3,0,0,0
Devices & Services,India,WNS (HOLDINGS) LIMITED,APAC,2025-04-30,9,2,7,6,1
Cloud,Spain,TELEPERFORMANCE SE,EMEA,2025-04-28,3,3,0,0,0
Finance,India,IBM CORPORATION,APAC,2025-04-29,8,1,7,1,6
YouTube,Poland,COGNIZANT TECHNOLOGY SOLUTIONS CORPORATION,EMEA,2025-04-30,5,3,2,1,1
Cloud,India,INNODATA INC.,APAC,2025-04-29,4,1,3,0,3
Devices & Services,India,QUEST GLOBAL SERVICES PTE. LTD.,APAC,2025-04-29,3,3,0,0,0
Technical Infrastructure,null,"ROONEY HOLDINGS, INC.",NORTH AMERICA,2025-04-29,3,3,0,0,0
Cloud,United States,GLOBALLOGIC INC,NORTH AMERICA,2025-05-02,4,3,1,0,1
YouTube,India,ACCENTURE PLC,APAC,2025-05-02,6,2,4,0,4
Technical Infrastructure,United States,GXO LOGISTICS WORLDWIDE LLC,NORTH AMERICA,2025-05-02,16,2,14,10,4
REWS,United States,ELECTROSONIC LIMITED,NORTH AMERICA,2025-04-28,3,3,0,0,0
POps,United States,DELOITTE,NORTH AMERICA,2025-04-29,4,2,2,0,2
Technical Infrastructure,United States,J E DUNN CONSTRUCTION COMPANY,NORTH AMERICA,2025-04-28,1,1,0,0,0
POps,Taiwan,FAR EASTERN MEMORIAL HOSPITAL,APAC,2025-04-29,2,2,0,0,0
Waymo,United States,METRO ONE LOSS PREVENTION SERVICES GROUP (GUARD DIVISION) INC,NORTH AMERICA,2025-04-28,4,1,3,0,3
Technical Infrastructure,United States,THE WHITING TURNER CONTRACTING COMPANY,NORTH AMERICA,2025-04-29,8,4,4,0,4
REWS,null,PROPARK AMERICA WEST LLC,NORTH AMERICA,2025-04-29,3,3,0,0,0
POps,India,RANDSTAD NV,APAC,2025-05-01,11,1,10,7,3
Technical Infrastructure,United States,"HOLDER CONSTRUCTION GROUP, LLC",NORTH AMERICA,2025-04-29,3,3,0,0,0
gTech,Philippines,CONCENTRIX,APAC,2025-04-28,7,3,4,0,4
Technical Infrastructure,United States,FORTIS CONSTRUCTION INC,NORTH AMERICA,2025-04-29,11,2,9,1,8
Access,India,EPAM SYSTEMS INC,APAC,2025-05-02,3,3,0,0,0
Devices & Services,United States,"AKRAYA, INC",NORTH AMERICA,2025-05-02,4,3,1,0,1
Technical Infrastructure,United States,SYNCREON GLOBAL HOLDINGS LIMITED,NORTH AMERICA,2025-04-30,3,1,2,1,1
REWS,null,SODEXO,NORTH AMERICA,2025-04-28,3,3,0,0,0
Platforms + Ecosystems,India,DELOITTE,APAC,2025-04-28,5,4,1,1,0
Technical Infrastructure,United States,GXO LOGISTICS WORLDWIDE LLC,NORTH AMERICA,2025-04-28,2,2,0,0,0
Waymo,United States,METRO ONE LOSS PREVENTION SERVICES GROUP (GUARD DIVISION) INC,NORTH AMERICA,2025-04-28,5,3,2,1,1
Cloud,India,COGNIZANT TECHNOLOGY SOLUTIONS CORPORATION,APAC,2025-05-01,5,3,2,1,1
T&S,Philippines,ACCENTURE PLC,APAC,2025-04-29,10,3,7,0,7
REWS,United States,SYSTEM ONE HOLDINGS LLC DBA TEAMPEOPLE,NORTH AMERICA,2025-04-29,3,3,0,0,0
Geo,India,WIPRO LIMITED,APAC,2025-04-28,0,1,0,0,0
REWS,Taiwan,"LIANG PIN DINING CO., LTD.",APAC,2025-05-02,3,3,0,0,0
Corp Eng,United States,SAP SE,NORTH AMERICA,2025-04-28,39,2,37,12,25
gTech,Greece,TELEPERFORMANCE SE,EMEA,2025-04-28,7,6,1,1,0
Waymo,India,WIPRO LIMITED,APAC,2025-04-28,4,1,3,0,3
Cloud,El Salvador,SERVICESOURCE INTERNATIONAL INC,LATAM,2025-04-28,3,3,0,0,0
Technical Infrastructure,Finland,SECTOR ALARM GROUP AS,EMEA,2025-04-28,1,1,0,0,0
Devices & Services,United States,ACCENTURE PLC,NORTH AMERICA,2025-04-28,7,3,4,0,4
REWS,India,JONES LANG LASALLE INC,APAC,2025-05-02,3,3,0,0,0
REWS,India,JONES LANG LASALLE INC,APAC,2025-05-02,3,3,0,0,0
gTech,United States,VACO,NORTH AMERICA,2025-04-29,4,3,1,1,0
Geo,India,COGNIZANT TECHNOLOGY SOLUTIONS CORPORATION,APAC,2025-04-28,3,3,0,0,0
T&S,India,WIPRO LIMITED,APAC,2025-04-30,5,1,4,0,4
Technical Infrastructure,United States,SCHENKER,NORTH AMERICA,2025-04-28,4,4,0,0,0
Waymo,India,WIPRO LIMITED,APAC,2025-05-01,3,1,2,0,2
Waymo,India,WIPRO LIMITED,APAC,2025-05-01,3,3,0,0,0
Technical Infrastructure,United States,M A MORTENSON COMPANY,NORTH AMERICA,2025-04-28,1,1,0,0,0
Technical Infrastructure,United States,SCHENKER,NORTH AMERICA,2025-04-30,2,2,0,0,0
gTech,Poland,COGNIZANT TECHNOLOGY SOLUTIONS CORPORATION,EMEA,2025-05-02,4,2,2,0,2
Cloud,India,HCL TECHNOLOGIES LTD,APAC,2025-05-02,3,3,0,0,0
Technical Infrastructure,India,ERICSSON INC,APAC,2025-04-28,1,1,0,0,0
T&S,India,WIPRO LIMITED,APAC,2025-04-30,5,3,2,0,2
Waymo,India,COGNIZANT TECHNOLOGY SOLUTIONS CORPORATION,APAC,2025-04-30,2,2,0,0,0
Cloud,Greece,TELEPERFORMANCE SE,EMEA,2025-04-29,3,3,0,0,0
gCS,Brazil,ATENTO S.A.,LATAM,2025-04-29,3,3,0,0,0
gTech,Greece,TELEPERFORMANCE SE,EMEA,2025-04-30,5,3,2,1,1
T&S,India,WIPRO LIMITED,APAC,2025-04-30,3,3,0,0,0
Cloud,United States,ACCENTURE PLC,NORTH AMERICA,2025-05-01,4,3,1,1,0
REWS,India,COMPASS GROUP PLC,APAC,2025-04-28,3,3,0,0,0
REWS,India,SODEXO,APAC,2025-05-02,3,3,0,0,0
Access,United States,"ALAN PLUMMER ASSOCIATES, INC",NORTH AMERICA,2025-04-30,12,3,9,2,7
Geo,India,WIPRO LIMITED,APAC,2025-04-29,3,2,1,0,1
Access,United States,DYCOM INDUSTRIES,NORTH AMERICA,2025-04-28,10,3,7,7,0
Geo,India,COGNIZANT TECHNOLOGY SOLUTIONS CORPORATION,APAC,2025-04-28,3,2,1,0,1
Waymo,India,WIPRO LIMITED,APAC,2025-04-30,6,1,5,5,0
POps,India,RANDSTAD NV,APAC,2025-05-02,7,1,6,6,0
Technical Infrastructure,Thailand,WOOD INTERNATIONAL LIMITED,APAC,2025-04-29,4,1,3,0,3
YouTube,United States,TELEPERFORMANCE SE,NORTH AMERICA,2025-04-30,5,4,1,1,0
REWS,null,JONES LANG LASALLE INC,NORTH AMERICA,2025-04-30,3,3,0,0,0
Devices & Services,United States,ARCHLYNK LLC,NORTH AMERICA,2025-04-28,19,1,18,18,0
Technical Infrastructure,United States,GARDA WORLD SECURITY CORPORATION,NORTH AMERICA,2025-04-30,2,2,0,0,0
Ads & Commerce,India,TELEPERFORMANCE SE,APAC,2025-04-29,9,1,8,8,0
Technical Infrastructure,United States,"CBM OF AMERICA, INC. (VENDOR)",NORTH AMERICA,2025-05-02,3,3,0,0,0
REWS,United States,JONES LANG LASALLE INC,NORTH AMERICA,2025-04-30,3,3,0,0,0
Technical Infrastructure,India,IRON SYSTEMS INC,APAC,2025-04-29,10,3,7,0,7